["SF11BW125", true, 1156965324, "2018-11-13T11:26:16Z", 4, -120, -13, 0, 63.43338, 10.403285, 19]
["SF10BW125", true, 1160586532, "2018-11-13T11:26:20Z", 3, -120, -10.5, 0, 63.43338, 10.403285, 19]
["SF12BW125", true, 1173046892, "2018-11-13T12:38:07Z", 4, -109, 7, 0, 63.43338, 10.403285, 19]
["SF11BW125", true, 1177039732, "2018-11-13T12:38:11Z", 3, -107, 7.25, 0, 63.43338, 10.403285, 19]
["SF10BW125", true, 1180661260, "2018-11-13T12:38:15Z", 0, -111, 2.25, 1, 63.43338, 10.403285, 19]
["SF9BW125", true, 1184158900, "2018-11-13T12:38:18Z", 6, -114, 6.25, 0, 63.43338, 10.403285, 19]
["SF8BW125", true, 1186573764, "2018-11-13T12:38:21Z", 7, -111, 8, 0, 63.43338, 10.403285, 19]
["SF7BW125", true, 1188869444, "2018-11-13T12:38:23Z", 5, -107, 1.75, 0, 63.43338, 10.403285, 19]
["SF12BW125", true, 1252199740, "2018-11-13T12:39:26Z", 5, -104, 0.5, 0, 63.43338, 10.403285, 19]
["SF11BW125", true, 1256192412, "2018-11-13T12:39:30Z", 1, -105, 0.5, 1, 63.43338, 10.403285, 19]
["SF10BW125", true, 1265850428, "2018-11-13T12:39:40Z", 0, -106, 4.75, 1, 63.43338, 10.403285, 19]
["SF9BW125", true, 1269349220, "2018-11-13T12:39:44Z", 7, -109, 7.75, 0, 63.43338, 10.403285, 19]
["SF12BW125", true, 3947469668, "2018-11-13T13:24:22Z", 7, -121, -8, 0, 63.43338, 10.403285, 19]
["SF10BW125", true, 3955083460, "2018-11-13T13:24:29Z", 2, -115, -12.5, 1, 63.43338, 10.403285, 19]
["SF12BW125", true, 4051276836, "2018-11-13T13:26:05Z", 3, -121, -9.5, 0, 63.43338, 10.403285, 19]
["SF11BW125", true, 4055269140, "2018-11-13T13:26:09Z", 4, -120, -11, 0, 63.43338, 10.403285, 19]
["SF12BW125", true, 219038084, "2018-11-13T13:33:48Z", 4, -119, -13.25, 0, 63.43338, 10.403285, 19]
["SF11BW125", true, 223030828, "2018-11-13T13:33:52Z", 7, -120, -12.25, 0, 63.43338, 10.403285, 19]
["SF10BW125", true, 226652372, "2018-11-13T13:33:56Z", 3, -121, -7.25, 0, 63.43338, 10.403285, 19]
["SF9BW125", true, 230150084, "2018-11-13T13:33:59Z", 6, -120, -12.25, 0, 63.43338, 10.403285, 19]
["SF12BW125", true, 1806783276, "2018-11-13T15:11:51Z", 6, -111, 5.75, 0, 63.43338, 10.403285, 19]
["SF11BW125", true, 1810775188, "2018-11-13T15:11:55Z", 3, -106, 0, 0, 63.43338, 10.403285, 19]
["SF10BW125", true, 1814396804, "2018-11-13T15:11:58Z", 2, -107, -5, 1, 63.43338, 10.403285, 19]
["SF9BW125", true, 1817893972, "2018-11-13T15:12:02Z", 1, -107, -6.5, 1, 63.43338, 10.403285, 19]
["SF8BW125", true, 1821309108, "2018-11-13T15:12:05Z", 4, -118, 0, 0, 63.43338, 10.403285, 19]
["SF11BW125", true, 1940513324, "2018-11-13T15:14:05Z", 1, -106, -3.5, 1, 63.43338, 10.403285, 19]
["SF10BW125", true, 1944135012, "2018-11-13T15:14:08Z", 4, -108, 5.75, 0, 63.43338, 10.403285, 19]
["SF9BW125", true, 1946760332, "2018-11-13T15:14:11Z", 7, -114, 5, 0, 63.43338, 10.403285, 19]
["SF12BW125", true, 2120218996, "2018-11-13T15:17:04Z", 7, -109, 2.75, 0, 63.43338, 10.403285, 19]
["SF11BW125", true, 2124211388, "2018-11-13T15:17:08Z", 2, -108, 3.25, 1, 63.43338, 10.403285, 19]
["SF10BW125", true, 2136886284, "2018-11-13T15:17:21Z", 1, -104, 1.5, 1, 63.43338, 10.403285, 19]
["SF11BW125", true, 2663201916, "2018-11-13T15:26:07Z", 3, -119, -5.25, 0, 63.43338, 10.403285, 19]
["SF10BW125", true, 2666823412, "2018-11-13T15:26:11Z", 4, -112, -5, 0, 63.43338, 10.403285, 19]
["SF9BW125", true, 2670321004, "2018-11-13T15:26:14Z", 6, -120, -3.75, 0, 63.43338, 10.403285, 19]
["SF12BW125", true, 2859700708, "2018-11-13T15:29:24Z", 2, -86, -11.5, 1, 63.43338, 10.403285, 19]
["SF11BW125", true, 2863545516, "2018-11-13T15:29:28Z", 7, -119, -0.25, 0, 63.43338, 10.403285, 19]
["SF10BW125", true, 2867167076, "2018-11-13T15:29:31Z", 0, -114, 4, 1, 63.43338, 10.403285, 19]
["SF9BW125", true, 2870664908, "2018-11-13T15:29:35Z", 6, -116, 0, 0, 63.43338, 10.403285, 19]
["SF8BW125", true, 2874080076, "2018-11-13T15:29:38Z", 5, -112, 1.75, 0, 63.43338, 10.403285, 19]
["SF12BW125", true, 3255524580, "2018-11-13T15:36:00Z", 6, -112, 4.5, 0, 63.43338, 10.403285, 19]
["SF11BW125", true, 3259368980, "2018-11-13T15:36:03Z", 2, -114, -3.5, 1, 63.43338, 10.403285, 19]
["SF10BW125", true, 3262989628, "2018-11-13T15:36:07Z", 4, -114, 1.25, 0, 63.43338, 10.403285, 19]
["SF9BW125", true, 3266487244, "2018-11-13T15:36:11Z", 5, -113, -5, 0, 63.43338, 10.403285, 19]
["SF12BW125", true, 3401732476, "2018-11-13T15:38:26Z", 3, -102, 6.25, 0, 63.43338, 10.403285, 19]
["SF11BW125", true, 3405725564, "2018-11-13T15:38:30Z", 0, -95, 9.25, 1, 63.43338, 10.403285, 19]
["SF8BW125", true, 3431465868, "2018-11-13T15:38:56Z", 5, -101, 7.75, 0, 63.43338, 10.403285, 19]
["SF12BW125", true, 3660493548, "2018-11-13T15:42:45Z", 4, -104, 6.25, 0, 63.43338, 10.403285, 19]
["SF11BW125", true, 3664485476, "2018-11-13T15:42:49Z", 5, -95, -6.25, 0, 63.43338, 10.403285, 19]
["SF10BW125", true, 3668107268, "2018-11-13T15:42:52Z", 7, -109, 6, 0, 63.43338, 10.403285, 19]
["SF9BW125", true, 3671604644, "2018-11-13T15:42:56Z", 0, -115, 4, 1, 63.43338, 10.403285, 19]
["SF8BW125", true, 3674020660, "2018-11-13T15:42:58Z", 2, -108, 0.25, 1, 63.43338, 10.403285, 19]
["SF12BW125", true, 3802647396, "2018-11-13T15:45:07Z", 0, -99, 7.5, 1, 63.43338, 10.403285, 19]
["SF11BW125", true, 3806639556, "2018-11-13T15:45:11Z", 2, -94, 7.25, 1, 63.43338, 10.403285, 19]
["SF11BW125", true, 262126476, "2018-11-13T15:57:41Z", 3, -116, -14.25, 0, 63.43338, 10.403285, 19]
["SF12BW125", true, 278226812, "2018-11-13T15:57:57Z", 4, -119, -9.75, 0, 63.43338, 10.403285, 19]
["SF9BW125", true, 285198716, "2018-11-13T15:58:04Z", 7, -121, -11.5, 0, 63.43338, 10.403285, 19]
["SF8BW125", true, 288466764, "2018-11-13T15:58:08Z", 6, -119, -8.25, 0, 63.43338, 10.403285, 19]
["SF11BW125", true, 3107901788, "2018-11-13T16:45:07Z", 3, -120, -14.75, 0, 63.43338, 10.403285, 19]
["SF10BW125", true, 3111523300, "2018-11-13T16:45:11Z", 4, -118, -7, 0, 63.43338, 10.403285, 19]
