["SF12BW125", true, 1065045660, "2018-11-13T11:49:29Z", 6, -120, -13.5, 0, 63.42883, 10.385698, 20]
["SF10BW125", true, 1072659332, "2018-11-13T11:49:37Z", 3, -120, -13.75, 0, 63.42883, 10.385698, 20]
["SF12BW125", true, 1085118460, "2018-11-13T13:01:24Z", 4, -111, 5.5, 0, 63.42883, 10.385698, 20]
["SF11BW125", true, 1089111300, "2018-11-13T13:01:28Z", 3, -111, 6.5, 0, 63.42883, 10.385698, 20]
["SF10BW125", true, 1092732828, "2018-11-13T13:01:32Z", 0, -108, 5.25, 1, 63.42883, 10.385698, 20]
["SF9BW125", true, 1096230468, "2018-11-13T13:01:35Z", 6, -108, 8.5, 0, 63.42883, 10.385698, 20]
["SF8BW125", true, 1098645332, "2018-11-13T13:01:38Z", 7, -108, 8, 0, 63.42883, 10.385698, 20]
["SF7BW125", true, 1100941004, "2018-11-13T13:01:40Z", 5, -105, -1.25, 0, 63.42883, 10.385698, 20]
["SF12BW125", true, 1164271292, "2018-11-13T13:02:43Z", 5, -107, 2.5, 0, 63.42883, 10.385698, 20]
["SF11BW125", true, 1168263964, "2018-11-13T13:02:47Z", 1, -99, 4, 1, 63.42883, 10.385698, 20]
["SF10BW125", true, 1177921980, "2018-11-13T13:02:57Z", 0, -107, 4.75, 1, 63.42883, 10.385698, 20]
["SF9BW125", true, 1181420764, "2018-11-13T13:03:00Z", 7, -109, 8.5, 0, 63.42883, 10.385698, 20]
["SF12BW125", true, 1718853244, "2018-11-13T15:35:08Z", 6, -115, 6, 0, 63.42883, 10.385698, 20]
["SF11BW125", true, 1722845172, "2018-11-13T15:35:12Z", 3, -107, 4, 0, 63.42883, 10.385698, 20]
["SF10BW125", true, 1726466780, "2018-11-13T15:35:15Z", 2, -113, -3, 1, 63.42883, 10.385698, 20]
["SF8BW125", true, 1733379084, "2018-11-13T15:35:22Z", 4, -113, 5.25, 0, 63.42883, 10.385698, 20]
["SF10BW125", true, 1856204972, "2018-11-13T15:37:25Z", 4, -117, -3, 0, 63.42883, 10.385698, 20]
["SF9BW125", true, 1858830292, "2018-11-13T15:37:28Z", 7, -120, -10, 0, 63.42883, 10.385698, 20]
["SF8BW125", true, 1862246284, "2018-11-13T15:37:31Z", 2, -115, -7.25, 1, 63.42883, 10.385698, 20]
["SF12BW125", true, 2032288940, "2018-11-13T15:40:21Z", 7, -112, 1.25, 0, 63.42883, 10.385698, 20]
["SF11BW125", true, 2036281332, "2018-11-13T15:40:25Z", 2, -113, 0.75, 1, 63.42883, 10.385698, 20]
["SF10BW125", true, 2048956236, "2018-11-13T15:40:38Z", 1, -109, 1, 1, 63.42883, 10.385698, 20]
["SF12BW125", true, 2571427156, "2018-11-13T15:49:20Z", 2, -120, -7.5, 1, 63.42883, 10.385698, 20]
["SF11BW125", true, 2575271812, "2018-11-13T15:49:24Z", 3, -118, -4.25, 0, 63.42883, 10.385698, 20]
["SF9BW125", true, 2582390908, "2018-11-13T15:49:31Z", 6, -119, 0, 0, 63.42883, 10.385698, 20]
["SF12BW125", true, 2771770588, "2018-11-13T15:52:41Z", 2, -89, 2, 1, 63.42883, 10.385698, 20]
["SF11BW125", true, 2775615396, "2018-11-13T15:52:44Z", 7, -87, 9.5, 0, 63.42883, 10.385698, 20]
["SF10BW125", true, 2779236956, "2018-11-13T15:52:48Z", 0, -106, 7.25, 1, 63.42883, 10.385698, 20]
["SF9BW125", true, 2782734796, "2018-11-13T15:52:52Z", 6, -102, 10, 0, 63.42883, 10.385698, 20]
["SF8BW125", true, 2786149956, "2018-11-13T15:52:55Z", 5, -101, 8.25, 0, 63.42883, 10.385698, 20]
["SF12BW125", true, 3167594436, "2018-11-13T15:59:16Z", 6, -117, 0, 0, 63.42883, 10.385698, 20]
["SF11BW125", true, 3171438844, "2018-11-13T15:59:20Z", 2, -111, -9, 1, 63.42883, 10.385698, 20]
["SF10BW125", true, 3175059484, "2018-11-13T15:59:24Z", 4, -119, -4.75, 0, 63.42883, 10.385698, 20]
["SF8BW125", true, 3181972468, "2018-11-13T15:59:31Z", 0, -114, -6.25, 1, 63.42883, 10.385698, 20]
["SF12BW125", true, 3313802332, "2018-11-13T16:01:43Z", 3, -121, -9.25, 0, 63.42883, 10.385698, 20]
["SF12BW125", true, 3714717220, "2018-11-13T16:08:24Z", 0, -118, -5.5, 1, 63.42883, 10.385698, 20]
["SF11BW125", true, 3718709380, "2018-11-13T16:08:28Z", 2, -117, -6, 1, 63.42883, 10.385698, 20]
["SF12BW125", true, 145261644, "2018-11-13T16:20:29Z", 7, -119, -5.5, 0, 63.42883, 10.385698, 20]
["SF12BW125", true, 170203388, "2018-11-13T16:20:54Z", 1, -117, -9, 1, 63.42883, 10.385698, 20]
["SF11BW125", true, 174196244, "2018-11-13T16:20:58Z", 3, -117, 0.5, 0, 63.42883, 10.385698, 20]
["SF12BW125", true, 190296572, "2018-11-13T16:21:14Z", 4, -118, -6, 0, 63.42883, 10.385698, 20]
["SF9BW125", true, 197268484, "2018-11-13T16:21:21Z", 7, -120, -8, 0, 63.42883, 10.385698, 20]
["SF8BW125", true, 200536524, "2018-11-13T16:21:24Z", 6, -119, -6.75, 0, 63.42883, 10.385698, 20]
["SF10BW125", true, 264545204, "2018-11-13T16:22:28Z", 3, -119, -7.25, 0, 63.42883, 10.385698, 20]
["SF11BW125", true, 349031588, "2018-11-13T16:23:53Z", 6, -120, -14, 0, 63.42883, 10.385698, 20]
["SF10BW125", true, 361706140, "2018-11-13T16:24:05Z", 7, -121, -7.5, 0, 63.42883, 10.385698, 20]
["SF8BW125", true, 402242556, "2018-11-13T16:24:46Z", 4, -119, -9, 0, 63.42883, 10.385698, 20]
["SF12BW125", true, 2735436828, "2018-11-13T17:03:39Z", 0, -125, -16.25, 1, 63.42883, 10.385698, 20]
["SF11BW125", true, 2739428388, "2018-11-13T17:03:43Z", 4, -119, -6, 0, 63.42883, 10.385698, 20]
["SF10BW125", true, 2743050276, "2018-11-13T17:03:47Z", 3, -119, -2.25, 0, 63.42883, 10.385698, 20]
["SF9BW125", true, 2746547676, "2018-11-13T17:03:50Z", 0, -119, -12, 1, 63.42883, 10.385698, 20]
["SF12BW125", true, 2902310140, "2018-11-13T17:06:26Z", 0, -119, -14, 1, 63.42883, 10.385698, 20]
["SF12BW125", true, 3015979732, "2018-11-13T17:08:20Z", 6, -118, 0.5, 0, 63.42883, 10.385698, 20]
["SF11BW125", true, 3019971388, "2018-11-13T17:08:24Z", 3, -118, -9, 0, 63.42883, 10.385698, 20]
["SF10BW125", true, 3023592900, "2018-11-13T17:08:27Z", 4, -113, 4.75, 0, 63.42883, 10.385698, 20]
["SF9BW125", true, 3026943844, "2018-11-13T17:08:31Z", 5, -104, -12.75, 0, 63.42883, 10.385698, 20]
