[true, 3154503812, "2018-11-08T14:33:09Z", 2, -109, 1.5, 1, 63.397568, 10.400948, 21]
[true, 3194680555, "2018-11-08T14:33:50Z", 3, -108, 6.5, 0, 63.397568, 10.400948, 21]
[true, 3205835259, "2018-11-08T14:34:01Z", 4, -111, 5.5, 0, 63.397568, 10.400948, 21]
[true, 3216991220, "2018-11-08T14:34:12Z", 5, -109, 1.25, 0, 63.397568, 10.400948, 21]
[true, 3228146115, "2018-11-08T14:34:23Z", 3, -113, 5.25, 0, 63.397568, 10.400948, 21]
[true, 3239301500, "2018-11-08T14:34:34Z", 7, -112, 6.25, 0, 63.397568, 10.400948, 21]
[true, 3250456627, "2018-11-08T14:34:45Z", 4, -111, 6, 0, 63.397568, 10.400948, 21]
[true, 3272766043, "2018-11-08T14:35:08Z", 1, -107, -3.75, 1, 63.397568, 10.400948, 21]
[true, 3283921515, "2018-11-08T14:35:19Z", 3, -111, 6.25, 0, 63.397568, 10.400948, 21]
[true, 3295076660, "2018-11-08T14:35:30Z", 7, -111, 6.25, 0, 63.397568, 10.400948, 21]
[true, 3307205227, "2018-11-08T14:35:42Z", 1, -111, 5.5, 1, 63.397568, 10.400948, 21]
[true, 3318360107, "2018-11-08T14:35:53Z", 1, -109, -2.25, 1, 63.397568, 10.400948, 21]
[true, 3329515348, "2018-11-08T14:36:04Z", 6, -108, 5.75, 0, 63.397568, 10.400948, 21]
[true, 3340671380, "2018-11-08T14:36:16Z", 7, -111, 6, 0, 63.397568, 10.400948, 21]
[true, 3351826443, "2018-11-08T14:36:27Z", 1, -109, 4.5, 1, 63.397568, 10.400948, 21]
[true, 3375110627, "2018-11-08T14:36:50Z", 3, -108, 6.75, 0, 63.397568, 10.400948, 21]
[true, 3387386531, "2018-11-08T14:37:02Z", 1, -108, 0.5, 1, 63.397568, 10.400948, 21]
[true, 3399515219, "2018-11-08T14:37:14Z", 4, -113, 5, 0, 63.397568, 10.400948, 21]
[true, 3421826835, "2018-11-08T14:37:37Z", 3, -111, 6.25, 0, 63.397568, 10.400948, 21]
[true, 3432982452, "2018-11-08T14:37:48Z", 6, -111, 6.5, 0, 63.397568, 10.400948, 21]
[true, 3444139011, "2018-11-08T14:37:59Z", 1, -105, 1.5, 1, 63.397568, 10.400948, 21]
[true, 3456416068, "2018-11-08T14:38:11Z", 7, -108, 7, 0, 63.397568, 10.400948, 21]
[true, 3467572763, "2018-11-08T14:38:22Z", 4, -109, 7, 0, 63.397568, 10.400948, 21]
[true, 3478729716, "2018-11-08T14:38:34Z", 6, -107, 7, 0, 63.397568, 10.400948, 21]
[true, 3490860451, "2018-11-08T14:38:46Z", 3, -109, 7.5, 0, 63.397568, 10.400948, 21]
[true, 3513173724, "2018-11-08T14:39:08Z", 7, -109, 7, 0, 63.397568, 10.400948, 21]
[true, 3524330531, "2018-11-08T14:39:19Z", 4, -108, 7, 0, 63.397568, 10.400948, 21]
[true, 3536460779, "2018-11-08T14:39:31Z", 3, -109, 7, 0, 63.397568, 10.400948, 21]
[true, 3548591707, "2018-11-08T14:39:43Z", 1, -105, 4.5, 1, 63.397568, 10.400948, 21]
[true, 3559749220, "2018-11-08T14:39:55Z", 6, -107, 7.5, 0, 63.397568, 10.400948, 21]
[true, 3584011500, "2018-11-08T14:40:19Z", 7, -108, 6.75, 0, 63.397568, 10.400948, 21]
[true, 3595169171, "2018-11-08T14:40:30Z", 1, -107, 4.5, 1, 63.397568, 10.400948, 21]
[true, 3606327387, "2018-11-08T14:40:41Z", 4, -109, 7, 0, 63.397568, 10.400948, 21]
[true, 3629616668, "2018-11-08T14:41:05Z", 5, -111, 3.25, 0, 63.397568, 10.400948, 21]
[true, 3640773195, "2018-11-08T14:41:16Z", 3, -114, 5, 0, 63.397568, 10.400948, 21]
[true, 3664061315, "2018-11-08T14:41:39Z", 1, -109, -4.5, 1, 63.397568, 10.400948, 21]
[true, 3675218700, "2018-11-08T14:41:50Z", 7, -114, 0.75, 0, 63.397568, 10.400948, 21]
[true, 3686376212, "2018-11-08T14:42:01Z", 6, -118, 0.75, 0, 63.397568, 10.400948, 21]
[true, 3698507107, "2018-11-08T14:42:13Z", 4, -115, 2, 0, 63.397568, 10.400948, 21]
[true, 3722768019, "2018-11-08T14:42:38Z", 1, -108, -6.25, 1, 63.397568, 10.400948, 21]
[true, 3758184555, "2018-11-08T14:43:13Z", 3, -114, 2.5, 0, 63.397568, 10.400948, 21]
[true, 3769341323, "2018-11-08T14:43:24Z", 1, -111, -5.25, 1, 63.397568, 10.400948, 21]
[true, 3780498476, "2018-11-08T14:43:35Z", 6, -115, 1.5, 0, 63.397568, 10.400948, 21]
[true, 3802813364, "2018-11-08T14:43:58Z", 7, -115, 1.25, 0, 63.397568, 10.400948, 21]
[true, 3813971027, "2018-11-08T14:44:09Z", 3, -115, 2.5, 0, 63.397568, 10.400948, 21]
[true, 3825128491, "2018-11-08T14:44:20Z", 1, -107, -5.5, 1, 63.397568, 10.400948, 21]
[true, 3836286147, "2018-11-08T14:44:31Z", 1, -109, -3.75, 1, 63.397568, 10.400948, 21]
[true, 3847443115, "2018-11-08T14:44:42Z", 4, -119, 0.75, 0, 63.397568, 10.400948, 21]
[true, 3858600084, "2018-11-08T14:44:53Z", 6, -113, 6, 0, 63.397568, 10.400948, 21]
[true, 3881887596, "2018-11-08T14:45:17Z", 7, -114, 4.25, 0, 63.397568, 10.400948, 21]
[true, 3905175572, "2018-11-08T14:45:40Z", 6, -118, -1.5, 0, 63.397568, 10.400948, 21]
[true, 3917305531, "2018-11-08T14:45:52Z", 4, -119, -6.25, 0, 63.397568, 10.400948, 21]
[true, 3929435547, "2018-11-08T14:46:04Z", 1, -109, 3, 1, 63.397568, 10.400948, 21]
[true, 3952870668, "2018-11-08T14:46:28Z", 6, -120, -3.5, 0, 63.397568, 10.400948, 21]
[true, 3965001027, "2018-11-08T14:46:40Z", 4, -119, -4.5, 0, 63.397568, 10.400948, 21]
[true, 3976157756, "2018-11-08T14:46:51Z", 7, -114, 2, 0, 63.397568, 10.400948, 21]
[true, 3987314180, "2018-11-08T14:47:02Z", 5, -108, 1.75, 0, 63.397568, 10.400948, 21]
[true, 3998470771, "2018-11-08T14:47:13Z", 1, -109, 3, 1, 63.397568, 10.400948, 21]
[true, 4009628507, "2018-11-08T14:47:25Z", 4, -115, 0.75, 0, 63.397568, 10.400948, 21]
[true, 4020785291, "2018-11-08T14:47:36Z", 1, -113, 1.5, 1, 63.397568, 10.400948, 21]
[true, 4031941812, "2018-11-08T14:47:47Z", 5, -108, 3.75, 0, 63.397568, 10.400948, 21]
[true, 4043099404, "2018-11-08T14:47:58Z", 7, -111, 5, 0, 63.397568, 10.400948, 21]
[true, 4055230340, "2018-11-08T14:48:10Z", 6, -112, 5, 0, 63.397568, 10.400948, 21]
[true, 4079638987, "2018-11-08T14:48:35Z", 4, -113, 5.25, 0, 63.397568, 10.400948, 21]
[true, 4090796820, "2018-11-08T14:48:46Z", 5, -112, 3, 0, 63.397568, 10.400948, 21]
[true, 4102927731, "2018-11-08T14:48:58Z", 1, -111, 2.25, 1, 63.397568, 10.400948, 21]
[true, 4114085692, "2018-11-08T14:49:09Z", 7, -109, 6.75, 0, 63.397568, 10.400948, 21]
[true, 4125242187, "2018-11-08T14:49:20Z", 4, -111, 6, 0, 63.397568, 10.400948, 21]
[true, 4137372564, "2018-11-08T14:49:32Z", 5, -111, 4.75, 0, 63.397568, 10.400948, 21]
[true, 4148529964, "2018-11-08T14:49:43Z", 6, -112, 6.25, 0, 63.397568, 10.400948, 21]
[true, 4159686779, "2018-11-08T14:49:55Z", 1, -109, 0, 1, 63.397568, 10.400948, 21]
[true, 4170844340, "2018-11-08T14:50:06Z", 7, -112, 4.5, 0, 63.397568, 10.400948, 21]
[true, 4182001220, "2018-11-08T14:50:17Z", 5, -111, 3.5, 0, 63.397568, 10.400948, 21]
[true, 4193158028, "2018-11-08T14:50:28Z", 6, -114, 3.25, 0, 63.397568, 10.400948, 21]
[true, 4204315171, "2018-11-08T14:50:39Z", 4, -118, -1.25, 0, 63.397568, 10.400948, 21]
[true, 4215472155, "2018-11-08T14:50:50Z", 3, -120, -7, 0, 63.397568, 10.400948, 21]
[true, 4238759660, "2018-11-08T14:51:14Z", 7, -118, 1.5, 0, 63.397568, 10.400948, 21]
[true, 4273202635, "2018-11-08T14:51:48Z", 3, -113, 3.5, 0, 63.397568, 10.400948, 21]
[true, 4284359547, "2018-11-08T14:51:59Z", 1, -114, 0.5, 1, 63.397568, 10.400948, 21]
[true, 549236, "2018-11-08T14:52:10Z", 7, -116, 1.5, 0, 63.397568, 10.400948, 21]
[true, 22861580, "2018-11-08T14:52:33Z", 6, -114, 3.25, 0, 63.397568, 10.400948, 21]
[true, 34992259, "2018-11-08T14:52:45Z", 3, -113, 4.25, 0, 63.397568, 10.400948, 21]
[true, 46149259, "2018-11-08T14:52:56Z", 1, -111, -0.25, 1, 63.397568, 10.400948, 21]
[true, 57306004, "2018-11-08T14:53:07Z", 7, -114, 4.25, 0, 63.397568, 10.400948, 21]
[true, 68462996, "2018-11-08T14:53:18Z", 6, -113, 3, 0, 63.397568, 10.400948, 21]
[true, 80593563, "2018-11-08T14:53:30Z", 1, -113, -1.25, 1, 63.397568, 10.400948, 21]
[true, 103880435, "2018-11-08T14:53:54Z", 4, -118, -1, 0, 63.397568, 10.400948, 21]
[true, 127166731, "2018-11-08T14:54:17Z", 1, -113, -3, 1, 63.397568, 10.400948, 21]
[true, 138323164, "2018-11-08T14:54:28Z", 6, -113, 3, 0, 63.397568, 10.400948, 21]
[true, 150453595, "2018-11-08T14:54:40Z", 1, -107, -1.25, 1, 63.397568, 10.400948, 21]
[true, 172766740, "2018-11-08T14:55:03Z", 5, -102, -7.25, 0, 63.397568, 10.400948, 21]
[true, 183923532, "2018-11-08T14:55:14Z", 7, -108, 7, 0, 63.397568, 10.400948, 21]
[true, 195080092, "2018-11-08T14:55:25Z", 6, -113, 5.5, 0, 63.397568, 10.400948, 21]
[true, 206236707, "2018-11-08T14:55:36Z", 4, -111, 6, 0, 63.397568, 10.400948, 21]
[true, 217393067, "2018-11-08T14:55:47Z", 3, -109, 5.75, 0, 63.397568, 10.400948, 21]
[true, 228549595, "2018-11-08T14:55:58Z", 1, -105, -1.25, 1, 63.397568, 10.400948, 21]
[true, 251983555, "2018-11-08T14:56:22Z", 1, -109, -0.75, 1, 63.397568, 10.400948, 21]
[true, 263140012, "2018-11-08T14:56:33Z", 7, -111, 7, 0, 63.397568, 10.400948, 21]
[true, 274296115, "2018-11-08T14:56:44Z", 3, -112, 3.5, 0, 63.397568, 10.400948, 21]
[true, 285453323, "2018-11-08T14:56:55Z", 1, -111, 0.75, 1, 63.397568, 10.400948, 21]
[true, 309714372, "2018-11-08T14:57:20Z", 6, -114, 3.75, 0, 63.397568, 10.400948, 21]
[true, 320870955, "2018-11-08T14:57:31Z", 3, -115, 3.25, 0, 63.397568, 10.400948, 21]
[true, 332027499, "2018-11-08T14:57:42Z", 1, -107, -7.75, 1, 63.397568, 10.400948, 21]
[true, 343184011, "2018-11-08T14:57:53Z", 4, -114, 3.75, 0, 63.397568, 10.400948, 21]
[true, 389754507, "2018-11-08T14:58:40Z", 3, -118, -3, 0, 63.397568, 10.400948, 21]
[true, 400909883, "2018-11-08T14:58:51Z", 4, -118, -8.25, 0, 63.397568, 10.400948, 21]
[true, 413040244, "2018-11-08T14:59:03Z", 6, -117, -0.25, 0, 63.397568, 10.400948, 21]
[true, 424195500, "2018-11-08T14:59:14Z", 7, -119, 0.5, 0, 63.397568, 10.400948, 21]
[true, 447480731, "2018-11-08T14:59:37Z", 3, -115, 3.75, 0, 63.397568, 10.400948, 21]
[true, 459609948, "2018-11-08T14:59:49Z", 6, -112, 5.25, 0, 63.397568, 10.400948, 21]
[true, 470766076, "2018-11-08T15:00:01Z", 7, -108, 1.5, 0, 63.397568, 10.400948, 21]
[true, 493077244, "2018-11-08T15:00:23Z", 5, -114, 1.25, 0, 63.397568, 10.400948, 21]
[true, 515388324, "2018-11-08T15:00:45Z", 7, -114, 2, 0, 63.397568, 10.400948, 21]
[true, 526544299, "2018-11-08T15:00:56Z", 3, -119, 1.5, 0, 63.397568, 10.400948, 21]
[true, 537699804, "2018-11-08T15:01:08Z", 6, -112, 6, 0, 63.397568, 10.400948, 21]
[true, 548855491, "2018-11-08T15:01:19Z", 4, -114, 3, 0, 63.397568, 10.400948, 21]
[true, 572141307, "2018-11-08T15:01:42Z", 1, -108, -0.75, 1, 63.397568, 10.400948, 21]
[true, 583297875, "2018-11-08T15:01:53Z", 1, -107, -2.75, 1, 63.397568, 10.400948, 21]
[true, 594454252, "2018-11-08T15:02:04Z", 7, -109, 6.25, 0, 63.397568, 10.400948, 21]
[true, 605609468, "2018-11-08T15:02:15Z", 6, -109, 6.5, 0, 63.397568, 10.400948, 21]
[true, 616765243, "2018-11-08T15:02:27Z", 1, -111, 2.75, 1, 63.397568, 10.400948, 21]
[true, 640050603, "2018-11-08T15:02:50Z", 4, -111, 5.75, 0, 63.397568, 10.400948, 21]
[true, 651206012, "2018-11-08T15:03:01Z", 7, -112, 2.25, 0, 63.397568, 10.400948, 21]
[true, 662361651, "2018-11-08T15:03:12Z", 1, -115, -1, 1, 63.397568, 10.400948, 21]
[true, 674490484, "2018-11-08T15:03:24Z", 6, -115, 3.25, 0, 63.397568, 10.400948, 21]
[true, 686619996, "2018-11-08T15:03:36Z", 5, -114, 0, 0, 63.397568, 10.400948, 21]
[true, 697776036, "2018-11-08T15:03:48Z", 7, -115, 2.5, 0, 63.397568, 10.400948, 21]
[true, 708932419, "2018-11-08T15:03:59Z", 1, -113, 1.25, 1, 63.397568, 10.400948, 21]
[true, 731245451, "2018-11-08T15:04:21Z", 1, -115, -5.75, 1, 63.397568, 10.400948, 21]
[true, 764713235, "2018-11-08T15:04:55Z", 1, -111, -0.25, 1, 63.397568, 10.400948, 21]
[true, 776843644, "2018-11-08T15:05:07Z", 6, -114, 2.75, 0, 63.397568, 10.400948, 21]
[true, 787999956, "2018-11-08T15:05:18Z", 7, -112, 3.75, 0, 63.397568, 10.400948, 21]
[true, 799155891, "2018-11-08T15:05:29Z", 4, -114, 3.25, 0, 63.397568, 10.400948, 21]
[true, 832626531, "2018-11-08T15:06:02Z", 1, -114, -1.5, 1, 63.397568, 10.400948, 21]
[true, 843784268, "2018-11-08T15:06:14Z", 7, -116, 0.25, 0, 63.397568, 10.400948, 21]
[true, 868045139, "2018-11-08T15:06:38Z", 3, -112, 4.25, 0, 63.397568, 10.400948, 21]
[true, 879202187, "2018-11-08T15:06:49Z", 1, -107, 5, 1, 63.397568, 10.400948, 21]
[true, 890359628, "2018-11-08T15:07:00Z", 6, -119, -5.25, 0, 63.397568, 10.400948, 21]
[true, 913646939, "2018-11-08T15:07:24Z", 3, -114, 4.25, 0, 63.397568, 10.400948, 21]
[true, 936935420, "2018-11-08T15:07:47Z", 7, -119, -0.5, 0, 63.397568, 10.400948, 21]
[true, 959249059, "2018-11-08T15:08:09Z", 3, -119, 0.25, 0, 63.397568, 10.400948, 21]
[true, 981563140, "2018-11-08T15:08:31Z", 7, -113, 6.5, 0, 63.397568, 10.400948, 21]
[true, 992720212, "2018-11-08T15:08:43Z", 6, -113, 3, 0, 63.397568, 10.400948, 21]
[true, 1027164723, "2018-11-08T15:09:17Z", 3, -117, 1.25, 0, 63.397568, 10.400948, 21]
[true, 1038321580, "2018-11-08T15:09:28Z", 7, -115, 1.75, 0, 63.397568, 10.400948, 21]
[true, 1049479052, "2018-11-08T15:09:39Z", 6, -118, -1.75, 0, 63.397568, 10.400948, 21]
[true, 1071792523, "2018-11-08T15:10:02Z", 1, -109, -2.75, 1, 63.397568, 10.400948, 21]
[true, 1083922124, "2018-11-08T15:10:14Z", 7, -109, 5.5, 0, 63.397568, 10.400948, 21]
[true, 1108181827, "2018-11-08T15:10:38Z", 1, -109, -0.75, 1, 63.397568, 10.400948, 21]
[true, 1120311931, "2018-11-08T15:10:50Z", 4, -117, -2, 0, 63.397568, 10.400948, 21]
[true, 1131468524, "2018-11-08T15:11:01Z", 5, -111, -0.25, 0, 63.397568, 10.400948, 21]
[true, 1142625267, "2018-11-08T15:11:12Z", 3, -119, 0.5, 0, 63.397568, 10.400948, 21]
[true, 1164939140, "2018-11-08T15:11:35Z", 6, -112, 5.25, 0, 63.397568, 10.400948, 21]
[true, 1176095548, "2018-11-08T15:11:46Z", 7, -114, 3.75, 0, 63.397568, 10.400948, 21]
[true, 1187253083, "2018-11-08T15:11:57Z", 3, -112, 5.75, 0, 63.397568, 10.400948, 21]
[true, 1198410636, "2018-11-08T15:12:08Z", 5, -114, 2.5, 0, 63.397568, 10.400948, 21]
[true, 1209567699, "2018-11-08T15:12:19Z", 4, -114, 1.75, 0, 63.397568, 10.400948, 21]
[true, 1221699019, "2018-11-08T15:12:32Z", 1, -112, -4, 1, 63.397568, 10.400948, 21]
[true, 1232856420, "2018-11-08T15:12:43Z", 6, -115, 2.5, 0, 63.397568, 10.400948, 21]
[true, 1244987596, "2018-11-08T15:12:55Z", 7, -112, 5, 0, 63.397568, 10.400948, 21]
[true, 1256143971, "2018-11-08T15:13:06Z", 1, -108, -0.75, 1, 63.397568, 10.400948, 21]
[true, 1267302051, "2018-11-08T15:13:17Z", 3, -113, 4.5, 0, 63.397568, 10.400948, 21]
[true, 1279432164, "2018-11-08T15:13:29Z", 6, -114, 4.25, 0, 63.397568, 10.400948, 21]
[true, 1291562876, "2018-11-08T15:13:41Z", 7, -113, 6, 0, 63.397568, 10.400948, 21]
[true, 1315824843, "2018-11-08T15:14:06Z", 3, -109, 5.25, 0, 63.397568, 10.400948, 21]
[true, 1340086587, "2018-11-08T15:14:30Z", 4, -113, 2.75, 0, 63.397568, 10.400948, 21]
[true, 1351243724, "2018-11-08T15:14:41Z", 7, -115, 2.75, 0, 63.397568, 10.400948, 21]
[true, 1362401628, "2018-11-08T15:14:52Z", 6, -114, 3.5, 0, 63.397568, 10.400948, 21]
[true, 1384716155, "2018-11-08T15:15:15Z", 3, -115, 3.5, 0, 63.397568, 10.400948, 21]
[true, 1395872612, "2018-11-08T15:15:26Z", 7, -114, 4.25, 0, 63.397568, 10.400948, 21]
[true, 1408002883, "2018-11-08T15:15:38Z", 1, -108, -6, 1, 63.397568, 10.400948, 21]
[true, 1430317715, "2018-11-08T15:16:00Z", 4, -113, 4.25, 0, 63.397568, 10.400948, 21]
[true, 1441475164, "2018-11-08T15:16:11Z", 7, -111, 4.5, 0, 63.397568, 10.400948, 21]
[true, 1453606459, "2018-11-08T15:16:23Z", 3, -112, 4.5, 0, 63.397568, 10.400948, 21]
[true, 1465737580, "2018-11-08T15:16:36Z", 5, -111, 1.25, 0, 63.397568, 10.400948, 21]
[true, 1489999147, "2018-11-08T15:17:00Z", 3, -113, 5.75, 0, 63.397568, 10.400948, 21]
[true, 1501156340, "2018-11-08T15:17:11Z", 7, -110, 5.25, 0, 63.397568, 10.400948, 21]
[true, 1512313019, "2018-11-08T15:17:22Z", 4, -113, 4, 0, 63.397568, 10.400948, 21]
[true, 1524443051, "2018-11-08T15:17:34Z", 1, -107, -0.5, 1, 63.397568, 10.400948, 21]
[true, 1535600100, "2018-11-08T15:17:45Z", 5, -109, 3.75, 0, 63.397568, 10.400948, 21]
[true, 1546757027, "2018-11-08T15:17:57Z", 3, -113, 6, 0, 63.397568, 10.400948, 21]
[true, 1557914196, "2018-11-08T15:18:08Z", 6, -114, 2, 0, 63.397568, 10.400948, 21]
[true, 1570044604, "2018-11-08T15:18:20Z", 7, -112, 5.5, 0, 63.397568, 10.400948, 21]
[true, 1581201099, "2018-11-08T15:18:31Z", 1, -111, 2, 1, 63.397568, 10.400948, 21]
[true, 1592357715, "2018-11-08T15:18:42Z", 4, -113, 4, 0, 63.397568, 10.400948, 21]
[true, 1603514147, "2018-11-08T15:18:53Z", 3, -114, 5, 0, 63.397568, 10.400948, 21]
[true, 1614670276, "2018-11-08T15:19:05Z", 6, -113, 4.75, 0, 63.397568, 10.400948, 21]
[true, 1651061411, "2018-11-08T15:19:41Z", 3, -112, 5.5, 0, 63.397568, 10.400948, 21]
[true, 1662217940, "2018-11-08T15:19:52Z", 6, -113, 5.25, 0, 63.397568, 10.400948, 21]
[true, 1673374004, "2018-11-08T15:20:03Z", 7, -111, 6.5, 0, 63.397568, 10.400948, 21]
[true, 1696660707, "2018-11-08T15:20:27Z", 3, -114, 4.5, 0, 63.397568, 10.400948, 21]
[true, 1708791075, "2018-11-08T15:20:39Z", 1, -106, -2.75, 1, 63.397568, 10.400948, 21]
[true, 1719948548, "2018-11-08T15:20:50Z", 6, -113, 5.5, 0, 63.397568, 10.400948, 21]
[true, 1732078451, "2018-11-08T15:21:02Z", 1, -111, 2.5, 1, 63.397568, 10.400948, 21]
[true, 1743235668, "2018-11-08T15:21:13Z", 5, -109, 3.75, 0, 63.397568, 10.400948, 21]
[true, 1754392276, "2018-11-08T15:21:24Z", 7, -114, 4, 0, 63.397568, 10.400948, 21]
[true, 1765549547, "2018-11-08T15:21:35Z", 3, -118, -0.75, 0, 63.397568, 10.400948, 21]
[true, 1777680180, "2018-11-08T15:21:48Z", 6, -117, 1.5, 0, 63.397568, 10.400948, 21]
[true, 1789810555, "2018-11-08T15:22:00Z", 4, -118, -0.75, 0, 63.397568, 10.400948, 21]
[true, 1801940788, "2018-11-08T15:22:12Z", 7, -115, 2.25, 0, 63.397568, 10.400948, 21]
[true, 1813097555, "2018-11-08T15:22:23Z", 3, -120, -5.25, 0, 63.397568, 10.400948, 21]
[true, 1836384284, "2018-11-08T15:22:46Z", 6, -119, -2, 0, 63.397568, 10.400948, 21]
[true, 1860646419, "2018-11-08T15:23:10Z", 3, -117, 0.5, 0, 63.397568, 10.400948, 21]
[true, 1919352419, "2018-11-08T15:24:09Z", 3, -120, -4.5, 0, 63.397568, 10.400948, 21]
[true, 1930509068, "2018-11-08T15:24:20Z", 6, -118, -1.75, 0, 63.397568, 10.400948, 21]
[true, 1953795459, "2018-11-08T15:24:44Z", 4, -119, -4.25, 0, 63.397568, 10.400948, 21]
[true, 1977081796, "2018-11-08T15:25:07Z", 7, -117, 1, 0, 63.397568, 10.400948, 21]
[true, 2035787235, "2018-11-08T15:26:06Z", 3, -119, -5.25, 0, 63.397568, 10.400948, 21]
[true, 2047917964, "2018-11-08T15:26:18Z", 7, -120, -3.25, 0, 63.397568, 10.400948, 21]
[true, 2096441660, "2018-11-08T15:27:06Z", 6, -119, -2.75, 0, 63.397568, 10.400948, 21]
[true, 2120703419, "2018-11-08T15:27:31Z", 4, -116, -1.5, 0, 63.397568, 10.400948, 21]
[true, 2157097492, "2018-11-08T15:28:07Z", 6, -119, -3, 0, 63.397568, 10.400948, 21]
[true, 2169228980, "2018-11-08T15:28:19Z", 7, -120, -5, 0, 63.397568, 10.400948, 21]
[true, 2181360363, "2018-11-08T15:28:31Z", 3, -119, -2.25, 0, 63.397568, 10.400948, 21]
[true, 2193490636, "2018-11-08T15:28:43Z", 6, -119, -3.5, 0, 63.397568, 10.400948, 21]
[true, 2241041275, "2018-11-08T15:29:31Z", 3, -119, -2.5, 0, 63.397568, 10.400948, 21]
[true, 2335168916, "2018-11-08T15:31:05Z", 7, -117, 1.75, 0, 63.397568, 10.400948, 21]
[true, 2346326044, "2018-11-08T15:31:16Z", 6, -114, -0.5, 0, 63.397568, 10.400948, 21]
[true, 2381745148, "2018-11-08T15:31:52Z", 7, -114, 2.25, 0, 63.397568, 10.400948, 21]
[true, 2392902836, "2018-11-08T15:32:03Z", 6, -115, 1.5, 0, 63.397568, 10.400948, 21]
[true, 2405034667, "2018-11-08T15:32:15Z", 3, -118, 2, 0, 63.397568, 10.400948, 21]
[true, 2428322323, "2018-11-08T15:32:38Z", 1, -109, -5.75, 1, 63.397568, 10.400948, 21]
[true, 2439480379, "2018-11-08T15:32:49Z", 1, -113, 0, 1, 63.397568, 10.400948, 21]
[true, 2451611916, "2018-11-08T15:33:01Z", 6, -114, 1.25, 0, 63.397568, 10.400948, 21]
[true, 2462770363, "2018-11-08T15:33:13Z", 3, -117, 3.25, 0, 63.397568, 10.400948, 21]
[true, 2473928187, "2018-11-08T15:33:24Z", 4, -113, 0.75, 0, 63.397568, 10.400948, 21]
[true, 2497216620, "2018-11-08T15:33:47Z", 7, -114, 2.25, 0, 63.397568, 10.400948, 21]
[true, 2508373628, "2018-11-08T15:33:58Z", 5, -114, -1.5, 0, 63.397568, 10.400948, 21]
[true, 2520505099, "2018-11-08T15:34:10Z", 4, -118, -6.75, 0, 63.397568, 10.400948, 21]
[true, 2531662219, "2018-11-08T15:34:22Z", 3, -117, 1, 0, 63.397568, 10.400948, 21]
[true, 2543793604, "2018-11-08T15:34:34Z", 7, -117, 2.5, 0, 63.397568, 10.400948, 21]
[true, 2568056179, "2018-11-08T15:34:58Z", 4, -117, -0.25, 0, 63.397568, 10.400948, 21]
[true, 2591345140, "2018-11-08T15:35:21Z", 7, -115, 3, 0, 63.397568, 10.400948, 21]
[true, 2602502660, "2018-11-08T15:35:32Z", 6, -115, 1.75, 0, 63.397568, 10.400948, 21]
[true, 2626765515, "2018-11-08T15:35:57Z", 4, -119, -6.75, 0, 63.397568, 10.400948, 21]
[true, 2651029771, "2018-11-08T15:36:21Z", 3, -118, 2.5, 0, 63.397568, 10.400948, 21]
[true, 2662188356, "2018-11-08T15:36:32Z", 7, -115, 3.25, 0, 63.397568, 10.400948, 21]
[true, 2674319435, "2018-11-08T15:36:44Z", 4, -118, 0, 0, 63.397568, 10.400948, 21]
[true, 2686451388, "2018-11-08T15:36:56Z", 6, -115, 1.75, 0, 63.397568, 10.400948, 21]
[true, 2710861540, "2018-11-08T15:37:21Z", 7, -119, -0.25, 0, 63.397568, 10.400948, 21]
[true, 2734151683, "2018-11-08T15:37:44Z", 3, -120, -3.5, 0, 63.397568, 10.400948, 21]
[true, 2746284452, "2018-11-08T15:37:56Z", 5, -117, -0.25, 0, 63.397568, 10.400948, 21]
[true, 2758416819, "2018-11-08T15:38:08Z", 4, -118, -3.75, 0, 63.397568, 10.400948, 21]
[true, 2782679828, "2018-11-08T15:38:33Z", 6, -115, 0, 0, 63.397568, 10.400948, 21]
[true, 2794811308, "2018-11-08T15:38:45Z", 5, -119, -5, 0, 63.397568, 10.400948, 21]
[true, 2830235164, "2018-11-08T15:39:20Z", 7, -119, -1.5, 0, 63.397568, 10.400948, 21]
[true, 2841393355, "2018-11-08T15:39:31Z", 3, -120, -1.25, 0, 63.397568, 10.400948, 21]
[true, 2877787436, "2018-11-08T15:40:08Z", 7, -117, 1.75, 0, 63.397568, 10.400948, 21]
[true, 2888946108, "2018-11-08T15:40:19Z", 6, -117, 0.25, 0, 63.397568, 10.400948, 21]
[true, 2913209739, "2018-11-08T15:40:43Z", 3, -118, -1.75, 0, 63.397568, 10.400948, 21]
[true, 2924368187, "2018-11-08T15:40:54Z", 1, -114, -4.25, 1, 63.397568, 10.400948, 21]
[true, 2971921867, "2018-11-08T15:41:42Z", 3, -121, -5.75, 0, 63.397568, 10.400948, 21]
[true, 2984053748, "2018-11-08T15:41:54Z", 6, -119, -3.5, 0, 63.397568, 10.400948, 21]
[true, 3008318612, "2018-11-08T15:42:18Z", 7, -119, -1.25, 0, 63.397568, 10.400948, 21]
[true, 3019477147, "2018-11-08T15:42:29Z", 3, -120, -1.5, 0, 63.397568, 10.400948, 21]
[true, 3031608668, "2018-11-08T15:42:41Z", 6, -117, 1, 0, 63.397568, 10.400948, 21]
[true, 3091291483, "2018-11-08T15:43:41Z", 1, -113, -3.25, 1, 63.397568, 10.400948, 21]
[true, 3102448707, "2018-11-08T15:43:52Z", 4, -118, -5.5, 0, 63.397568, 10.400948, 21]
[true, 3114579564, "2018-11-08T15:44:04Z", 6, -116, -1.25, 0, 63.397568, 10.400948, 21]
[true, 3126711019, "2018-11-08T15:44:17Z", 3, -118, 1.75, 0, 63.397568, 10.400948, 21]
[true, 3175233323, "2018-11-08T15:45:05Z", 3, -119, 1, 0, 63.397568, 10.400948, 21]
[true, 3187363091, "2018-11-08T15:45:17Z", 4, -118, 0.75, 0, 63.397568, 10.400948, 21]
[true, 3211623380, "2018-11-08T15:45:41Z", 7, -115, 3.25, 0, 63.397568, 10.400948, 21]
[true, 3223753268, "2018-11-08T15:45:54Z", 5, -117, -4.25, 0, 63.397568, 10.400948, 21]
[true, 3235883723, "2018-11-08T15:46:06Z", 3, -114, 4.75, 0, 63.397568, 10.400948, 21]
[true, 3248014619, "2018-11-08T15:46:18Z", 4, -119, -3.75, 0, 63.397568, 10.400948, 21]
[true, 3272421804, "2018-11-08T15:46:42Z", 5, -115, -2, 0, 63.397568, 10.400948, 21]
[true, 3295710308, "2018-11-08T15:47:06Z", 7, -118, 0.5, 0, 63.397568, 10.400948, 21]
[true, 3318997659, "2018-11-08T15:47:29Z", 4, -117, -3.25, 0, 63.397568, 10.400948, 21]
[true, 3331129140, "2018-11-08T15:47:41Z", 5, -115, -0.75, 0, 63.397568, 10.400948, 21]
[true, 3343260348, "2018-11-08T15:47:53Z", 6, -119, -3.25, 0, 63.397568, 10.400948, 21]
[true, 3367522132, "2018-11-08T15:48:17Z", 7, -118, 0.25, 0, 63.397568, 10.400948, 21]
[true, 3390810211, "2018-11-08T15:48:41Z", 0, -117, -3.75, 1, 63.397568, 10.400948, 21]
[true, 3414098140, "2018-11-08T15:49:04Z", 6, -117, 1.25, 0, 63.397568, 10.400948, 21]
[true, 3426228595, "2018-11-08T15:49:16Z", 4, -118, 0.25, 0, 63.397568, 10.400948, 21]
[true, 3438359460, "2018-11-08T15:49:28Z", 7, -117, 2.5, 0, 63.397568, 10.400948, 21]
[true, 3450490900, "2018-11-08T15:49:40Z", 5, -113, -0.75, 0, 63.397568, 10.400948, 21]
[true, 3461648763, "2018-11-08T15:49:51Z", 0, -117, -1.25, 1, 63.397568, 10.400948, 21]
[true, 3472806371, "2018-11-08T15:50:03Z", 4, -119, -0.5, 0, 63.397568, 10.400948, 21]
[true, 3497069092, "2018-11-08T15:50:27Z", 6, -118, 1.25, 0, 63.397568, 10.400948, 21]
[true, 3509200491, "2018-11-08T15:50:39Z", 3, -115, 1.5, 0, 63.397568, 10.400948, 21]
[true, 3520358356, "2018-11-08T15:50:50Z", 7, -119, 1.25, 0, 63.397568, 10.400948, 21]
[true, 3532490099, "2018-11-08T15:51:02Z", 0, -115, -0.75, 1, 63.397568, 10.400948, 21]
[true, 3555778635, "2018-11-08T15:51:26Z", 4, -112, 5.25, 0, 63.397568, 10.400948, 21]
[true, 3566936740, "2018-11-08T15:51:37Z", 7, -115, 3.75, 0, 63.397568, 10.400948, 21]
[true, 3578094195, "2018-11-08T15:51:48Z", 2, -112, -1, 1, 63.397568, 10.400948, 21]
[true, 3589251828, "2018-11-08T15:51:59Z", 5, -113, 2, 0, 63.397568, 10.400948, 21]
[true, 3600408731, "2018-11-08T15:52:10Z", 3, -115, 2.25, 0, 63.397568, 10.400948, 21]
[true, 3624668771, "2018-11-08T15:52:35Z", 0, -113, 3, 1, 63.397568, 10.400948, 21]
[true, 3647957307, "2018-11-08T15:52:58Z", 1, -114, 2.5, 1, 63.397568, 10.400948, 21]
[true, 3659115091, "2018-11-08T15:53:09Z", 1, -111, -5.25, 1, 63.397568, 10.400948, 21]
[true, 3706670715, "2018-11-08T15:53:57Z", 4, -120, -4.25, 0, 63.397568, 10.400948, 21]
[true, 3730936156, "2018-11-08T15:54:21Z", 6, -120, -4.75, 0, 63.397568, 10.400948, 21]
[true, 3790622899, "2018-11-08T15:55:20Z", 0, -120, -7, 1, 63.397568, 10.400948, 21]
[true, 3887680419, "2018-11-08T15:56:58Z", 4, -120, -5.25, 0, 63.397568, 10.400948, 21]
[true, 3934262603, "2018-11-08T15:57:44Z", 2, -117, -4.25, 1, 63.397568, 10.400948, 21]
[true, 3946393875, "2018-11-08T15:57:56Z", 0, -119, -6.5, 1, 63.397568, 10.400948, 21]
[true, 3957552380, "2018-11-08T15:58:07Z", 6, -117, -6.25, 0, 63.397568, 10.400948, 21]
[true, 3992972811, "2018-11-08T15:58:43Z", 0, -118, -7.25, 1, 63.397568, 10.400948, 21]
[true, 4016261651, "2018-11-08T15:59:06Z", 0, -120, -6.5, 1, 63.397568, 10.400948, 21]
[true, 4039549884, "2018-11-08T15:59:29Z", 7, -121, -4.25, 0, 63.397568, 10.400948, 21]
[true, 4051681371, "2018-11-08T15:59:42Z", 2, -115, -2.25, 1, 63.397568, 10.400948, 21]
[true, 4062839915, "2018-11-08T15:59:53Z", 1, -107, -5.75, 1, 63.397568, 10.400948, 21]
[true, 4098259972, "2018-11-08T16:00:28Z", 7, -121, -6.75, 0, 63.397568, 10.400948, 21]
[true, 4145811803, "2018-11-08T16:01:16Z", 0, -121, -7.75, 1, 63.397568, 10.400948, 21]
[true, 4157943307, "2018-11-08T16:01:28Z", 0, -119, -7, 1, 63.397568, 10.400948, 21]
[true, 4170074755, "2018-11-08T16:01:40Z", 2, -115, -2.75, 1, 63.397568, 10.400948, 21]
[true, 4192392595, "2018-11-08T16:02:02Z", 0, -119, -6.25, 1, 63.397568, 10.400948, 21]
[true, 4204524492, "2018-11-08T16:02:14Z", 6, -120, -4, 0, 63.397568, 10.400948, 21]
[true, 4216656364, "2018-11-08T16:02:26Z", 7, -120, -5, 0, 63.397568, 10.400948, 21]
[true, 4239946491, "2018-11-08T16:02:50Z", 4, -117, -2.75, 0, 63.397568, 10.400948, 21]
[true, 14848667, "2018-11-08T16:04:00Z", 1, -115, -6.25, 1, 63.397568, 10.400948, 21]
[true, 26980435, "2018-11-08T16:04:12Z", 2, -117, -6, 1, 63.397568, 10.400948, 21]
[true, 38138548, "2018-11-08T16:04:23Z", 7, -120, -4.75, 0, 63.397568, 10.400948, 21]
[true, 61426771, "2018-11-08T16:04:46Z", 4, -120, -6.25, 0, 63.397568, 10.400948, 21]
[true, 83742524, "2018-11-08T16:05:09Z", 6, -120, -7, 0, 63.397568, 10.400948, 21]
[true, 107029955, "2018-11-08T16:05:32Z", 2, -119, -2.75, 1, 63.397568, 10.400948, 21]
[true, 177869163, "2018-11-08T16:06:43Z", 2, -113, -8.5, 1, 63.397568, 10.400948, 21]
[true, 202131788, "2018-11-08T16:07:07Z", 6, -118, -3.75, 0, 63.397568, 10.400948, 21]
[true, 214263387, "2018-11-08T16:07:19Z", 4, -115, -5.25, 0, 63.397568, 10.400948, 21]
[true, 238527716, "2018-11-08T16:07:43Z", 6, -119, -3.25, 0, 63.397568, 10.400948, 21]
[true, 262789163, "2018-11-08T16:08:08Z", 4, -119, -3.5, 0, 63.397568, 10.400948, 21]
[true, 298209563, "2018-11-08T16:08:43Z", 2, -114, -3.25, 1, 63.397568, 10.400948, 21]
[true, 310341003, "2018-11-08T16:08:55Z", 0, -120, -6, 1, 63.397568, 10.400948, 21]
[true, 333631035, "2018-11-08T16:09:18Z", 0, -118, -7.5, 1, 63.397568, 10.400948, 21]
[true, 345763412, "2018-11-08T16:09:31Z", 7, -119, -5, 0, 63.397568, 10.400948, 21]
[true, 356922635, "2018-11-08T16:09:42Z", 0, -119, -7.75, 1, 63.397568, 10.400948, 21]
[true, 391371764, "2018-11-08T16:10:16Z", 6, -120, -5.5, 0, 63.397568, 10.400948, 21]
[true, 451056947, "2018-11-08T16:11:16Z", 0, -119, -7.25, 1, 63.397568, 10.400948, 21]
[true, 474346876, "2018-11-08T16:11:39Z", 7, -118, -4.75, 0, 63.397568, 10.400948, 21]
[true, 521898436, "2018-11-08T16:12:27Z", 6, -119, -5.5, 0, 63.397568, 10.400948, 21]
[true, 534029315, "2018-11-08T16:12:39Z", 2, -119, -2, 1, 63.397568, 10.400948, 21]
[true, 591763395, "2018-11-08T16:13:37Z", 4, -119, -4, 0, 63.397568, 10.400948, 21]
[true, 603894659, "2018-11-08T16:13:49Z", 0, -119, -6.5, 1, 63.397568, 10.400948, 21]
[true, 616026027, "2018-11-08T16:14:01Z", 0, -120, -5.75, 1, 63.397568, 10.400948, 21]
[true, 651446156, "2018-11-08T16:14:36Z", 6, -118, -5.25, 0, 63.397568, 10.400948, 21]
[true, 663577588, "2018-11-08T16:14:48Z", 7, -120, -3, 0, 63.397568, 10.400948, 21]
[true, 687841507, "2018-11-08T16:15:13Z", 4, -119, -4.25, 0, 63.397568, 10.400948, 21]
[true, 698999475, "2018-11-08T16:15:24Z", 0, -120, -5.75, 1, 63.397568, 10.400948, 21]
[true, 722290428, "2018-11-08T16:15:47Z", 7, -120, -3, 0, 63.397568, 10.400948, 21]
[true, 734422379, "2018-11-08T16:15:59Z", 4, -119, -5, 0, 63.397568, 10.400948, 21]
[true, 758686988, "2018-11-08T16:16:23Z", 6, -120, -6, 0, 63.397568, 10.400948, 21]
[true, 782950803, "2018-11-08T16:16:48Z", 4, -119, -3.5, 0, 63.397568, 10.400948, 21]
[true, 819343219, "2018-11-08T16:17:24Z", 0, -120, -5.5, 1, 63.397568, 10.400948, 21]
[true, 831474691, "2018-11-08T16:17:36Z", 0, -118, -6.75, 1, 63.397568, 10.400948, 21]
[true, 842633532, "2018-11-08T16:17:47Z", 7, -119, -3.5, 0, 63.397568, 10.400948, 21]
[true, 853792972, "2018-11-08T16:17:59Z", 6, -120, -6.25, 0, 63.397568, 10.400948, 21]
[true, 914455372, "2018-11-08T16:18:59Z", 6, -119, -5.25, 0, 63.397568, 10.400948, 21]
[true, 937746228, "2018-11-08T16:19:23Z", 5, -120, -7.5, 0, 63.397568, 10.400948, 21]
[true, 974142324, "2018-11-08T16:19:59Z", 7, -119, -4, 0, 63.397568, 10.400948, 21]
[true, 1009565283, "2018-11-08T16:20:34Z", 0, -121, -6.75, 1, 63.397568, 10.400948, 21]
[true, 1021697315, "2018-11-08T16:20:47Z", 2, -114, -2.25, 1, 63.397568, 10.400948, 21]
[true, 1033829907, "2018-11-08T16:20:59Z", 4, -120, -5.5, 0, 63.397568, 10.400948, 21]
[true, 1092546419, "2018-11-08T16:21:57Z", 1, -111, -5.25, 1, 63.397568, 10.400948, 21]
[true, 1103705755, "2018-11-08T16:22:09Z", 4, -119, -2.75, 0, 63.397568, 10.400948, 21]
[true, 1114865379, "2018-11-08T16:22:20Z", 0, -120, -6.25, 1, 63.397568, 10.400948, 21]
[true, 1126997532, "2018-11-08T16:22:32Z", 7, -119, -2.5, 0, 63.397568, 10.400948, 21]
[true, 1150289339, "2018-11-08T16:22:55Z", 4, -118, -3.25, 0, 63.397568, 10.400948, 21]
[true, 1184739699, "2018-11-08T16:23:30Z", 2, -114, -4.5, 1, 63.397568, 10.400948, 21]
[true, 1208030627, "2018-11-08T16:23:53Z", 4, -119, -3.5, 0, 63.397568, 10.400948, 21]
[true, 1232296107, "2018-11-08T16:24:17Z", 2, -118, -3.25, 1, 63.397568, 10.400948, 21]
[true, 1244428315, "2018-11-08T16:24:29Z", 1, -113, -5.5, 1, 63.397568, 10.400948, 21]
[true, 1255586467, "2018-11-08T16:24:40Z", 0, -121, -6.25, 1, 63.397568, 10.400948, 21]
[true, 1278876731, "2018-11-08T16:25:04Z", 0, -120, -6.25, 1, 63.397568, 10.400948, 21]
[true, 1291008364, "2018-11-08T16:25:16Z", 7, -118, -3.25, 0, 63.397568, 10.400948, 21]
[true, 1338563123, "2018-11-08T16:26:03Z", 4, -119, -3.5, 0, 63.397568, 10.400948, 21]
[true, 1361855412, "2018-11-08T16:26:27Z", 6, -119, -4.25, 0, 63.397568, 10.400948, 21]
[true, 1373988275, "2018-11-08T16:26:39Z", 0, -120, -7, 1, 63.397568, 10.400948, 21]
[true, 1398252107, "2018-11-08T16:27:03Z", 2, -115, -2.25, 1, 63.397568, 10.400948, 21]
[true, 1410384139, "2018-11-08T16:27:15Z", 4, -120, -4, 0, 63.397568, 10.400948, 21]
[true, 1458912195, "2018-11-08T16:28:04Z", 2, -115, -7, 1, 63.397568, 10.400948, 21]
[true, 1471044875, "2018-11-08T16:28:16Z", 4, -118, -6.25, 0, 63.397568, 10.400948, 21]
[true, 1483177395, "2018-11-08T16:28:28Z", 2, -114, -2.25, 1, 63.397568, 10.400948, 21]
[true, 1494337124, "2018-11-08T16:28:39Z", 6, -120, -5.75, 0, 63.397568, 10.400948, 21]
[true, 1518602636, "2018-11-08T16:29:03Z", 7, -120, -3.5, 0, 63.397568, 10.400948, 21]
[true, 1542867428, "2018-11-08T16:29:28Z", 6, -119, -5, 0, 63.397568, 10.400948, 21]
[true, 1567132780, "2018-11-08T16:29:52Z", 7, -119, -3.5, 0, 63.397568, 10.400948, 21]
[true, 1591397900, "2018-11-08T16:30:16Z", 6, -118, -7.25, 0, 63.397568, 10.400948, 21]
[true, 1603530003, "2018-11-08T16:30:28Z", 4, -119, -6.75, 0, 63.397568, 10.400948, 21]
[true, 1626822291, "2018-11-08T16:30:52Z", 0, -120, -6.75, 1, 63.397568, 10.400948, 21]
[true, 1684564212, "2018-11-08T16:31:49Z", 6, -119, -7.25, 0, 63.397568, 10.400948, 21]
[true, 1696697187, "2018-11-08T16:32:01Z", 0, -118, -7, 1, 63.397568, 10.400948, 21]
[true, 1719989931, "2018-11-08T16:32:25Z", 4, -119, -2.5, 0, 63.397568, 10.400948, 21]
[true, 1732122131, "2018-11-08T16:32:37Z", 2, -114, -2.25, 1, 63.397568, 10.400948, 21]
[true, 1743281692, "2018-11-08T16:32:48Z", 7, -119, -4.25, 0, 63.397568, 10.400948, 21]
[true, 1755413491, "2018-11-08T16:33:00Z", 2, -114, -4.25, 1, 63.397568, 10.400948, 21]
[true, 1814126115, "2018-11-08T16:33:59Z", 4, -118, -4, 0, 63.397568, 10.400948, 21]
[true, 1849551820, "2018-11-08T16:34:34Z", 7, -120, -4.75, 0, 63.397568, 10.400948, 21]
[true, 1860711435, "2018-11-08T16:34:46Z", 4, -119, -4.5, 0, 63.397568, 10.400948, 21]
[true, 1872843771, "2018-11-08T16:34:58Z", 0, -121, -8.5, 1, 63.397568, 10.400948, 21]
[true, 1896134171, "2018-11-08T16:35:21Z", 2, -117, -2, 1, 63.397568, 10.400948, 21]
[true, 1908266140, "2018-11-08T16:35:33Z", 6, -119, -4, 0, 63.397568, 10.400948, 21]
[true, 1955820220, "2018-11-08T16:36:21Z", 6, -119, -5.5, 0, 63.397568, 10.400948, 21]
[true, 1992218020, "2018-11-08T16:36:57Z", 7, -119, -4, 0, 63.397568, 10.400948, 21]
[true, 2065015931, "2018-11-08T16:38:10Z", 4, -119, -6.75, 0, 63.397568, 10.400948, 21]
[true, 2135867523, "2018-11-08T16:39:21Z", 0, -120, -7.5, 1, 63.397568, 10.400948, 21]
[true, 2147999932, "2018-11-08T16:39:33Z", 6, -119, -5, 0, 63.397568, 10.400948, 21]
[true, 2160131667, "2018-11-08T16:39:45Z", 4, -119, -4, 0, 63.397568, 10.400948, 21]
[true, 2172264252, "2018-11-08T16:39:57Z", 7, -120, -4, 0, 63.397568, 10.400948, 21]
[true, 2196528060, "2018-11-08T16:40:21Z", 6, -119, -4.75, 0, 63.397568, 10.400948, 21]
[true, 2208660835, "2018-11-08T16:40:33Z", 0, -121, -7.75, 1, 63.397568, 10.400948, 21]
[true, 2231952827, "2018-11-08T16:40:57Z", 4, -118, -5.75, 0, 63.397568, 10.400948, 21]
[true, 2255246252, "2018-11-08T16:41:20Z", 6, -120, -5.5, 0, 63.397568, 10.400948, 21]
[true, 2314938267, "2018-11-08T16:42:20Z", 2, -114, -2.5, 1, 63.397568, 10.400948, 21]
[true, 2327071044, "2018-11-08T16:42:32Z", 6, -119, -6.75, 0, 63.397568, 10.400948, 21]
[true, 2408109595, "2018-11-08T16:43:53Z", 4, -119, -3.75, 0, 63.397568, 10.400948, 21]
[true, 2455666900, "2018-11-08T16:44:40Z", 7, -120, -3, 0, 63.397568, 10.400948, 21]
[true, 2491092307, "2018-11-08T16:45:16Z", 4, -118, -6.75, 0, 63.397568, 10.400948, 21]
[true, 2536704251, "2018-11-08T16:46:02Z", 4, -119, -4.25, 0, 63.397568, 10.400948, 21]
[true, 2548837251, "2018-11-08T16:46:14Z", 0, -118, -5.75, 1, 63.397568, 10.400948, 21]
[true, 2573103308, "2018-11-08T16:46:38Z", 7, -119, -4.5, 0, 63.397568, 10.400948, 21]
[true, 2597369059, "2018-11-08T16:47:02Z", 4, -118, -4.5, 0, 63.397568, 10.400948, 21]
[true, 2609502219, "2018-11-08T16:47:14Z", 2, -119, -2.25, 1, 63.397568, 10.400948, 21]
[true, 2620662539, "2018-11-08T16:47:25Z", 2, -116, -3.25, 1, 63.397568, 10.400948, 21]
[true, 2656092075, "2018-11-08T16:48:01Z", 4, -118, -5, 0, 63.397568, 10.400948, 21]
[true, 2667252716, "2018-11-08T16:48:12Z", 6, -119, -5.25, 0, 63.397568, 10.400948, 21]
[true, 2691520420, "2018-11-08T16:48:36Z", 7, -120, -4.25, 0, 63.397568, 10.400948, 21]
[true, 2714814459, "2018-11-08T16:49:00Z", 2, -118, -4.25, 1, 63.397568, 10.400948, 21]
[true, 2750240331, "2018-11-08T16:49:35Z", 0, -119, -8, 1, 63.397568, 10.400948, 21]
[true, 2762372803, "2018-11-08T16:49:47Z", 1, -115, -6.25, 1, 63.397568, 10.400948, 21]
[true, 2773533412, "2018-11-08T16:49:58Z", 6, -118, -2.75, 0, 63.397568, 10.400948, 21]
[true, 2785666820, "2018-11-08T16:50:10Z", 7, -120, -5.25, 0, 63.397568, 10.400948, 21]
[true, 2832254956, "2018-11-08T16:50:57Z", 7, -121, -8, 0, 63.397568, 10.400948, 21]
[true, 2843414899, "2018-11-08T16:51:08Z", 0, -118, -7.25, 1, 63.397568, 10.400948, 21]
[true, 2855548131, "2018-11-08T16:51:20Z", 2, -118, -2.75, 1, 63.397568, 10.400948, 21]
[true, 2878840563, "2018-11-08T16:51:44Z", 0, -119, -5.25, 1, 63.397568, 10.400948, 21]
[true, 2890973187, "2018-11-08T16:51:56Z", 2, -114, 0.5, 1, 63.397568, 10.400948, 21]
[true, 2902132196, "2018-11-08T16:52:07Z", 7, -119, 2.25, 0, 63.397568, 10.400948, 21]
[true, 2913290996, "2018-11-08T16:52:18Z", 5, -113, -6, 0, 63.397568, 10.400948, 21]
[true, 2924450563, "2018-11-08T16:52:29Z", 2, -108, 2.25, 1, 63.397568, 10.400948, 21]
[true, 2935610643, "2018-11-08T16:52:40Z", 1, -114, -0.25, 1, 63.397568, 10.400948, 21]
[true, 2946770131, "2018-11-08T16:52:52Z", 3, -116, 1, 0, 63.397568, 10.400948, 21]
[true, 2957929932, "2018-11-08T16:53:03Z", 6, -115, 3, 0, 63.397568, 10.400948, 21]
[true, 2970062372, "2018-11-08T16:53:15Z", 7, -118, 2, 0, 63.397568, 10.400948, 21]
[true, 2981222211, "2018-11-08T16:53:26Z", 4, -113, 2.25, 0, 63.397568, 10.400948, 21]
[true, 3003541563, "2018-11-08T16:53:48Z", 3, -117, 1.5, 0, 63.397568, 10.400948, 21]
[true, 3025858467, "2018-11-08T16:54:11Z", 1, -104, -1.75, 1, 63.397568, 10.400948, 21]
[true, 3037018587, "2018-11-08T16:54:22Z", 4, -113, 2.5, 0, 63.397568, 10.400948, 21]
[true, 3049151035, "2018-11-08T16:54:34Z", 3, -117, 0.5, 0, 63.397568, 10.400948, 21]
[true, 3072443804, "2018-11-08T16:54:57Z", 7, -117, 1.5, 0, 63.397568, 10.400948, 21]
[true, 3083603443, "2018-11-08T16:55:08Z", 4, -115, 1.75, 0, 63.397568, 10.400948, 21]
[true, 3095735907, "2018-11-08T16:55:21Z", 3, -119, -0.5, 0, 63.397568, 10.400948, 21]
[true, 3107867691, "2018-11-08T16:55:33Z", 0, -119, -2.25, 1, 63.397568, 10.400948, 21]
[true, 3119026292, "2018-11-08T16:55:44Z", 5, -113, -3.25, 0, 63.397568, 10.400948, 21]
[true, 3131157356, "2018-11-08T16:55:56Z", 6, -115, 2, 0, 63.397568, 10.400948, 21]
[true, 3142315587, "2018-11-08T16:56:07Z", 3, -118, 1.25, 0, 63.397568, 10.400948, 21]
[true, 3154447700, "2018-11-08T16:56:19Z", 7, -119, 1.5, 0, 63.397568, 10.400948, 21]
[true, 3165606963, "2018-11-08T16:56:30Z", 0, -118, 0.25, 1, 63.397568, 10.400948, 21]
[true, 3177739796, "2018-11-08T16:56:43Z", 5, -117, -1, 0, 63.397568, 10.400948, 21]
[true, 3188899083, "2018-11-08T16:56:54Z", 4, -117, 2, 0, 63.397568, 10.400948, 21]
[true, 3201030372, "2018-11-08T16:57:06Z", 6, -117, 0.25, 0, 63.397568, 10.400948, 21]
[true, 3224319508, "2018-11-08T16:57:29Z", 7, -118, -0.25, 0, 63.397568, 10.400948, 21]
[true, 3236451092, "2018-11-08T16:57:41Z", 5, -118, -3.75, 0, 63.397568, 10.400948, 21]
[true, 3247608115, "2018-11-08T16:57:52Z", 4, -115, 1.75, 0, 63.397568, 10.400948, 21]
[true, 3259739347, "2018-11-08T16:58:05Z", 3, -117, 0.25, 0, 63.397568, 10.400948, 21]
[true, 3271870892, "2018-11-08T16:58:17Z", 6, -113, 1.5, 0, 63.397568, 10.400948, 21]
[true, 3284001652, "2018-11-08T16:58:29Z", 7, -117, 1.75, 0, 63.397568, 10.400948, 21]
[true, 3307292787, "2018-11-08T16:58:52Z", 2, -113, 2.5, 1, 63.397568, 10.400948, 21]
[true, 3319425019, "2018-11-08T16:59:04Z", 0, -115, 3.25, 1, 63.397568, 10.400948, 21]
[true, 3330583460, "2018-11-08T16:59:15Z", 7, -115, 2.75, 0, 63.397568, 10.400948, 21]
[true, 3341742163, "2018-11-08T16:59:27Z", 3, -118, 1.5, 0, 63.397568, 10.400948, 21]
[true, 3353873691, "2018-11-08T16:59:39Z", 0, -116, 1, 1, 63.397568, 10.400948, 21]
[true, 3366005635, "2018-11-08T16:59:51Z", 0, -117, -2.25, 1, 63.397568, 10.400948, 21]
[true, 3378137315, "2018-11-08T17:00:03Z", 2, -114, 2, 1, 63.397568, 10.400948, 21]
[true, 3400455092, "2018-11-08T17:00:25Z", 7, -115, 1.5, 0, 63.397568, 10.400948, 21]
[true, 3411614299, "2018-11-08T17:00:36Z", 1, -115, -5.5, 1, 63.397568, 10.400948, 21]
[true, 3460143396, "2018-11-08T17:01:25Z", 6, -120, -5.75, 0, 63.397568, 10.400948, 21]
[true, 3472275916, "2018-11-08T17:01:37Z", 7, -119, -1.5, 0, 63.397568, 10.400948, 21]
[true, 3483434859, "2018-11-08T17:01:48Z", 0, -120, -5.75, 1, 63.397568, 10.400948, 21]
[true, 3494594212, "2018-11-08T17:01:59Z", 5, -119, -6.5, 0, 63.397568, 10.400948, 21]
[true, 3542150684, "2018-11-08T17:02:47Z", 6, -115, 0.5, 0, 63.397568, 10.400948, 21]
[true, 3554282923, "2018-11-08T17:02:59Z", 2, -112, -3.25, 1, 63.397568, 10.400948, 21]
[true, 3566415611, "2018-11-08T17:03:11Z", 0, -119, -0.75, 1, 63.397568, 10.400948, 21]
[true, 3590681899, "2018-11-08T17:03:35Z", 1, -114, -2, 1, 63.397568, 10.400948, 21]
[true, 3601841731, "2018-11-08T17:03:47Z", 4, -118, 0, 0, 63.397568, 10.400948, 21]
[true, 3613974387, "2018-11-08T17:03:59Z", 0, -115, -0.25, 1, 63.397568, 10.400948, 21]
[true, 3625134459, "2018-11-08T17:04:10Z", 0, -120, -7.5, 1, 63.397568, 10.400948, 21]
[true, 3636294011, "2018-11-08T17:04:21Z", 3, -120, -5.75, 0, 63.397568, 10.400948, 21]
[true, 3647453595, "2018-11-08T17:04:32Z", 0, -120, -4.5, 1, 63.397568, 10.400948, 21]
[true, 3670746428, "2018-11-08T17:04:56Z", 7, -119, -1.5, 0, 63.397568, 10.400948, 21]
[true, 3681905147, "2018-11-08T17:05:07Z", 2, -111, -7, 1, 63.397568, 10.400948, 21]
[true, 3718301452, "2018-11-08T17:05:43Z", 7, -118, 0, 0, 63.397568, 10.400948, 21]
[true, 3741592843, "2018-11-08T17:06:06Z", 4, -115, -0.75, 0, 63.397568, 10.400948, 21]
[true, 3777990003, "2018-11-08T17:06:43Z", 0, -120, -1.5, 1, 63.397568, 10.400948, 21]
[true, 3790123036, "2018-11-08T17:06:55Z", 7, -118, 1, 0, 63.397568, 10.400948, 21]
[true, 3813415747, "2018-11-08T17:07:18Z", 1, -114, -3, 1, 63.397568, 10.400948, 21]
[true, 3847867291, "2018-11-08T17:07:53Z", 1, -112, -1.25, 1, 63.397568, 10.400948, 21]
[true, 3859027027, "2018-11-08T17:08:04Z", 0, -119, -3.5, 1, 63.397568, 10.400948, 21]
[true, 3883291915, "2018-11-08T17:08:28Z", 3, -118, -1.75, 0, 63.397568, 10.400948, 21]
[true, 3895423587, "2018-11-08T17:08:40Z", 2, -115, -1.75, 1, 63.397568, 10.400948, 21]
[true, 3906582692, "2018-11-08T17:08:51Z", 6, -119, 1, 0, 63.397568, 10.400948, 21]
[true, 3918715363, "2018-11-08T17:09:04Z", 1, -113, -3.5, 1, 63.397568, 10.400948, 21]
[true, 3942978724, "2018-11-08T17:09:28Z", 7, -118, 0.75, 0, 63.397568, 10.400948, 21]
[true, 3955109532, "2018-11-08T17:09:40Z", 5, -114, -2.75, 0, 63.397568, 10.400948, 21]
[true, 3979371835, "2018-11-08T17:10:04Z", 0, -118, -1.5, 1, 63.397568, 10.400948, 21]
[true, 3991504044, "2018-11-08T17:10:16Z", 7, -119, 1, 0, 63.397568, 10.400948, 21]
[true, 4002662411, "2018-11-08T17:10:27Z", 3, -120, -3.25, 0, 63.397568, 10.400948, 21]
[true, 4013820987, "2018-11-08T17:10:39Z", 0, -118, -2.5, 1, 63.397568, 10.400948, 21]
[true, 4060402948, "2018-11-08T17:11:25Z", 5, -115, -4, 0, 63.397568, 10.400948, 21]
[true, 4083693443, "2018-11-08T17:11:48Z", 0, -117, -1.25, 1, 63.397568, 10.400948, 21]
[true, 4094851723, "2018-11-08T17:12:00Z", 4, -118, -2.5, 0, 63.397568, 10.400948, 21]
[true, 4118141948, "2018-11-08T17:12:23Z", 7, -119, -1.25, 0, 63.397568, 10.400948, 21]
[true, 4129300460, "2018-11-08T17:12:34Z", 6, -119, -2, 0, 63.397568, 10.400948, 21]
[true, 4140459763, "2018-11-08T17:12:45Z", 2, -115, -1, 1, 63.397568, 10.400948, 21]
[true, 4152591987, "2018-11-08T17:12:57Z", 3, -120, -6.25, 0, 63.397568, 10.400948, 21]
[true, 4175882179, "2018-11-08T17:13:21Z", 4, -119, -4.75, 0, 63.397568, 10.400948, 21]
[true, 4187041499, "2018-11-08T17:13:32Z", 0, -117, -0.5, 1, 63.397568, 10.400948, 21]
[true, 4199174628, "2018-11-08T17:13:44Z", 7, -118, 2, 0, 63.397568, 10.400948, 21]
[true, 4211307067, "2018-11-08T17:13:56Z", 3, -119, -0.75, 0, 63.397568, 10.400948, 21]
[true, 4234599180, "2018-11-08T17:14:19Z", 6, -116, -1.25, 0, 63.397568, 10.400948, 21]
[true, 4246732460, "2018-11-08T17:14:32Z", 7, -119, -0.25, 0, 63.397568, 10.400948, 21]
[true, 4257891747, "2018-11-08T17:14:43Z", 3, -118, -3.25, 0, 63.397568, 10.400948, 21]
[true, 4269051347, "2018-11-08T17:14:54Z", 0, -117, -3.25, 1, 63.397568, 10.400948, 21]
[true, 4280210603, "2018-11-08T17:15:05Z", 1, -117, -2.25, 1, 63.397568, 10.400948, 21]
[true, 20667123, "2018-11-08T17:15:40Z", 3, -119, -7.25, 0, 63.397568, 10.400948, 21]
[true, 43960107, "2018-11-08T17:16:04Z", 0, -117, -3.75, 1, 63.397568, 10.400948, 21]
[true, 56092156, "2018-11-08T17:16:16Z", 6, -119, -2.25, 0, 63.397568, 10.400948, 21]
[true, 68224116, "2018-11-08T17:16:28Z", 7, -118, -0.25, 0, 63.397568, 10.400948, 21]
[true, 80356579, "2018-11-08T17:16:40Z", 2, -114, 0.5, 1, 63.397568, 10.400948, 21]
[true, 116753779, "2018-11-08T17:17:17Z", 3, -120, -4.75, 0, 63.397568, 10.400948, 21]
[true, 128886643, "2018-11-08T17:17:29Z", 4, -118, -1, 0, 63.397568, 10.400948, 21]
[true, 153150908, "2018-11-08T17:17:53Z", 7, -119, 0.75, 0, 63.397568, 10.400948, 21]
[true, 177415275, "2018-11-08T17:18:17Z", 3, -120, -2, 0, 63.397568, 10.400948, 21]
[true, 201678755, "2018-11-08T17:18:41Z", 2, -114, -2.25, 1, 63.397568, 10.400948, 21]
[true, 212837164, "2018-11-08T17:18:53Z", 7, -119, 1, 0, 63.397568, 10.400948, 21]
[true, 248257819, "2018-11-08T17:19:28Z", 2, -115, -3, 1, 63.397568, 10.400948, 21]
[true, 259416467, "2018-11-08T17:19:39Z", 4, -119, -3.75, 0, 63.397568, 10.400948, 21]
[true, 270575275, "2018-11-08T17:19:50Z", 3, -119, -4.75, 0, 63.397568, 10.400948, 21]
[true, 293864011, "2018-11-08T17:20:14Z", 0, -119, -5.75, 1, 63.397568, 10.400948, 21]
[true, 305022868, "2018-11-08T17:20:25Z", 7, -119, -1, 0, 63.397568, 10.400948, 21]
[true, 316181668, "2018-11-08T17:20:36Z", 6, -116, -3.75, 0, 63.397568, 10.400948, 21]
[true, 328313963, "2018-11-08T17:20:48Z", 3, -120, -5.75, 0, 63.397568, 10.400948, 21]
[true, 340445635, "2018-11-08T17:21:00Z", 0, -120, -7.75, 1, 63.397568, 10.400948, 21]
[true, 363734843, "2018-11-08T17:21:23Z", 4, -118, -3.5, 0, 63.397568, 10.400948, 21]
[true, 374892995, "2018-11-08T17:21:35Z", 1, -112, -5.75, 1, 63.397568, 10.400948, 21]
[true, 386050843, "2018-11-08T17:21:46Z", 3, -119, -6, 0, 63.397568, 10.400948, 21]
[true, 420498948, "2018-11-08T17:22:20Z", 6, -118, -1, 0, 63.397568, 10.400948, 21]
[true, 444761220, "2018-11-08T17:22:45Z", 7, -119, -0.5, 0, 63.397568, 10.400948, 21]
[true, 455919643, "2018-11-08T17:22:56Z", 2, -114, -2, 1, 63.397568, 10.400948, 21]
[true, 467078907, "2018-11-08T17:23:07Z", 3, -120, -8.5, 0, 63.397568, 10.400948, 21]
[true, 479210115, "2018-11-08T17:23:19Z", 0, -118, -6.75, 1, 63.397568, 10.400948, 21]
[true, 491341500, "2018-11-08T17:23:31Z", 6, -119, -3.25, 0, 63.397568, 10.400948, 21]
[true, 503473379, "2018-11-08T17:23:43Z", 4, -118, -3.75, 0, 63.397568, 10.400948, 21]
[true, 514631244, "2018-11-08T17:23:54Z", 7, -118, 1.5, 0, 63.397568, 10.400948, 21]
[true, 525789476, "2018-11-08T17:24:06Z", 5, -114, -2.75, 0, 63.397568, 10.400948, 21]
[true, 549078964, "2018-11-08T17:24:29Z", 6, -118, -4, 0, 63.397568, 10.400948, 21]
[true, 561210227, "2018-11-08T17:24:41Z", 4, -119, -5.75, 0, 63.397568, 10.400948, 21]
[true, 573341308, "2018-11-08T17:24:53Z", 7, -119, -0.75, 0, 63.397568, 10.400948, 21]
[true, 596631892, "2018-11-08T17:25:16Z", 5, -119, -4.75, 0, 63.397568, 10.400948, 21]
[true, 607790035, "2018-11-08T17:25:28Z", 3, -119, -4, 0, 63.397568, 10.400948, 21]
[true, 644184795, "2018-11-08T17:26:04Z", 1, -111, -2.5, 1, 63.397568, 10.400948, 21]
[true, 656316420, "2018-11-08T17:26:16Z", 5, -118, -3.5, 0, 63.397568, 10.400948, 21]
[true, 668448211, "2018-11-08T17:26:28Z", 4, -119, -1.25, 0, 63.397568, 10.400948, 21]
[true, 680579691, "2018-11-08T17:26:40Z", 0, -117, -3, 1, 63.397568, 10.400948, 21]
[true, 692711180, "2018-11-08T17:26:52Z", 6, -116, -0.5, 0, 63.397568, 10.400948, 21]
[true, 716974251, "2018-11-08T17:27:17Z", 3, -119, 0.5, 0, 63.397568, 10.400948, 21]
[true, 729105107, "2018-11-08T17:27:29Z", 2, -114, 2, 1, 63.397568, 10.400948, 21]
[true, 741237155, "2018-11-08T17:27:41Z", 2, -112, 0, 1, 63.397568, 10.400948, 21]
[true, 752395875, "2018-11-08T17:27:52Z", 4, -112, 3.25, 0, 63.397568, 10.400948, 21]
[true, 764527299, "2018-11-08T17:28:04Z", 3, -114, 3.75, 0, 63.397568, 10.400948, 21]
[true, 775685755, "2018-11-08T17:28:15Z", 2, -107, -2.75, 1, 63.397568, 10.400948, 21]
[true, 787817532, "2018-11-08T17:28:28Z", 6, -113, 4.75, 0, 63.397568, 10.400948, 21]
[true, 811106468, "2018-11-08T17:28:51Z", 7, -115, 4.5, 0, 63.397568, 10.400948, 21]
[true, 833422532, "2018-11-08T17:29:13Z", 5, -113, -2, 0, 63.397568, 10.400948, 21]
[true, 844581171, "2018-11-08T17:29:24Z", 2, -113, 2, 1, 63.397568, 10.400948, 21]
[true, 855740659, "2018-11-08T17:29:35Z", 3, -115, 3, 0, 63.397568, 10.400948, 21]
[true, 866898787, "2018-11-08T17:29:47Z", 1, -113, 2.75, 1, 63.397568, 10.400948, 21]
[true, 890189307, "2018-11-08T17:30:10Z", 4, -114, 2.25, 0, 63.397568, 10.400948, 21]
[true, 901348140, "2018-11-08T17:30:21Z", 6, -114, 4, 0, 63.397568, 10.400948, 21]
[true, 913479836, "2018-11-08T17:30:33Z", 7, -112, 4, 0, 63.397568, 10.400948, 21]
[true, 924638899, "2018-11-08T17:30:44Z", 1, -113, 0.25, 1, 63.397568, 10.400948, 21]
[true, 935797699, "2018-11-08T17:30:56Z", 4, -113, 4.5, 0, 63.397568, 10.400948, 21]
[true, 958114532, "2018-11-08T17:31:18Z", 7, -113, 4.5, 0, 63.397568, 10.400948, 21]
[true, 970246571, "2018-11-08T17:31:30Z", 3, -114, 4.5, 0, 63.397568, 10.400948, 21]
[true, 981405779, "2018-11-08T17:31:41Z", 0, -113, 2.25, 1, 63.397568, 10.400948, 21]
[true, 992564547, "2018-11-08T17:31:52Z", 0, -114, 3.25, 1, 63.397568, 10.400948, 21]
[true, 1003722907, "2018-11-08T17:32:03Z", 4, -113, 6, 0, 63.397568, 10.400948, 21]
[true, 1014880900, "2018-11-08T17:32:15Z", 6, -113, 5.25, 0, 63.397568, 10.400948, 21]
[true, 1026039139, "2018-11-08T17:32:26Z", 3, -113, 4.75, 0, 63.397568, 10.400948, 21]
[true, 1038170604, "2018-11-08T17:32:38Z", 5, -113, 2.5, 0, 63.397568, 10.400948, 21]
[true, 1060487227, "2018-11-08T17:33:00Z", 4, -113, 4, 0, 63.397568, 10.400948, 21]
[true, 1071645875, "2018-11-08T17:33:11Z", 1, -112, -3.5, 1, 63.397568, 10.400948, 21]
[true, 1082803908, "2018-11-08T17:33:23Z", 6, -114, 3.25, 0, 63.397568, 10.400948, 21]
[true, 1094935483, "2018-11-08T17:33:35Z", 3, -117, 1, 0, 63.397568, 10.400948, 21]
[true, 1106094059, "2018-11-08T17:33:46Z", 1, -115, -0.5, 1, 63.397568, 10.400948, 21]
[true, 1117252459, "2018-11-08T17:33:57Z", 1, -114, -0.5, 1, 63.397568, 10.400948, 21]
[true, 1128410364, "2018-11-08T17:34:08Z", 7, -117, 1.25, 0, 63.397568, 10.400948, 21]
[true, 1139568308, "2018-11-08T17:34:19Z", 6, -115, 2.5, 0, 63.397568, 10.400948, 21]
[true, 1150726347, "2018-11-08T17:34:30Z", 3, -116, 1.25, 0, 63.397568, 10.400948, 21]
[true, 1161884675, "2018-11-08T17:34:42Z", 2, -114, -1.5, 1, 63.397568, 10.400948, 21]
[true, 1173042427, "2018-11-08T17:34:53Z", 2, -113, 0.75, 1, 63.397568, 10.400948, 21]
[true, 1195357699, "2018-11-08T17:35:15Z", 0, -117, -4.25, 1, 63.397568, 10.400948, 21]
[true, 1241933363, "2018-11-08T17:36:02Z", 0, -113, -3.5, 1, 63.397568, 10.400948, 21]
[true, 1275405091, "2018-11-08T17:36:35Z", 2, -113, 1.75, 1, 63.397568, 10.400948, 21]
[true, 1297719795, "2018-11-08T17:36:57Z", 4, -116, -1.25, 0, 63.397568, 10.400948, 21]
[true, 1308877579, "2018-11-08T17:37:09Z", 0, -117, -2.25, 1, 63.397568, 10.400948, 21]
[true, 1331192251, "2018-11-08T17:37:31Z", 1, -112, -5.5, 1, 63.397568, 10.400948, 21]
[true, 1342349915, "2018-11-08T17:37:42Z", 0, -114, 3.75, 1, 63.397568, 10.400948, 21]
[true, 1353507355, "2018-11-08T17:37:53Z", 3, -120, -4, 0, 63.397568, 10.400948, 21]
[true, 1364664995, "2018-11-08T17:38:04Z", 4, -113, 1.75, 0, 63.397568, 10.400948, 21]
[true, 1375823683, "2018-11-08T17:38:16Z", 1, -114, -0.75, 1, 63.397568, 10.400948, 21]
[true, 1386982379, "2018-11-08T17:38:27Z", 2, -113, -3, 1, 63.397568, 10.400948, 21]
[true, 1399114004, "2018-11-08T17:38:39Z", 6, -114, 2.5, 0, 63.397568, 10.400948, 21]
[true, 1411245067, "2018-11-08T17:38:51Z", 1, -117, -1.5, 1, 63.397568, 10.400948, 21]
[true, 1422402675, "2018-11-08T17:39:02Z", 1, -111, -1.5, 1, 63.397568, 10.400948, 21]
[true, 1433560820, "2018-11-08T17:39:13Z", 5, -114, -6, 0, 63.397568, 10.400948, 21]
[true, 1444719212, "2018-11-08T17:39:24Z", 7, -119, 0.25, 0, 63.397568, 10.400948, 21]
[true, 1468008483, "2018-11-08T17:39:48Z", 4, -113, 3.25, 0, 63.397568, 10.400948, 21]
[true, 1479166212, "2018-11-08T17:39:59Z", 6, -114, 4.25, 0, 63.397568, 10.400948, 21]
[true, 1490324219, "2018-11-08T17:40:10Z", 3, -119, 0.5, 0, 63.397568, 10.400948, 21]
[true, 1501482324, "2018-11-08T17:40:21Z", 5, -112, -4.5, 0, 63.397568, 10.400948, 21]
[true, 1512641139, "2018-11-08T17:40:32Z", 0, -114, 0.75, 1, 63.397568, 10.400948, 21]
[true, 1523799891, "2018-11-08T17:40:44Z", 2, -113, -4, 1, 63.397568, 10.400948, 21]
[true, 1534958131, "2018-11-08T17:40:55Z", 4, -113, 1.5, 0, 63.397568, 10.400948, 21]
[true, 1558247876, "2018-11-08T17:41:18Z", 6, -114, 3, 0, 63.397568, 10.400948, 21]
[true, 1569406019, "2018-11-08T17:41:29Z", 0, -114, -0.75, 1, 63.397568, 10.400948, 21]
[true, 1592695283, "2018-11-08T17:41:52Z", 4, -115, 3.75, 0, 63.397568, 10.400948, 21]
[true, 1603852940, "2018-11-08T17:42:04Z", 6, -112, 3, 0, 63.397568, 10.400948, 21]
[true, 1615984219, "2018-11-08T17:42:16Z", 0, -115, 1.75, 1, 63.397568, 10.400948, 21]
[true, 1639275259, "2018-11-08T17:42:39Z", 2, -111, 2, 1, 63.397568, 10.400948, 21]
[true, 1650433611, "2018-11-08T17:42:50Z", 2, -114, -2.75, 1, 63.397568, 10.400948, 21]
[true, 1661592628, "2018-11-08T17:43:01Z", 6, -115, 2.25, 0, 63.397568, 10.400948, 21]
[true, 1685856564, "2018-11-08T17:43:26Z", 5, -112, -4.25, 0, 63.397568, 10.400948, 21]
[true, 1708174572, "2018-11-08T17:43:48Z", 7, -117, 2.25, 0, 63.397568, 10.400948, 21]
[true, 1720306211, "2018-11-08T17:44:00Z", 4, -113, 2, 0, 63.397568, 10.400948, 21]
[true, 1731464427, "2018-11-08T17:44:11Z", 2, -114, -0.75, 1, 63.397568, 10.400948, 21]
[true, 1765911707, "2018-11-08T17:44:46Z", 2, -112, 2.5, 1, 63.397568, 10.400948, 21]
[true, 1777070308, "2018-11-08T17:44:57Z", 5, -115, -2.5, 0, 63.397568, 10.400948, 21]
[true, 1788228796, "2018-11-08T17:45:08Z", 7, -115, 3.75, 0, 63.397568, 10.400948, 21]
[true, 1799386955, "2018-11-08T17:45:19Z", 4, -105, 4.75, 0, 63.397568, 10.400948, 21]
[true, 1811518444, "2018-11-08T17:45:31Z", 6, -112, 5.25, 0, 63.397568, 10.400948, 21]
[true, 1822676459, "2018-11-08T17:45:42Z", 3, -115, 0.5, 0, 63.397568, 10.400948, 21]
[true, 1833834971, "2018-11-08T17:45:54Z", 2, -108, -0.25, 1, 63.397568, 10.400948, 21]
[true, 1845965884, "2018-11-08T17:46:06Z", 7, -115, 3.25, 0, 63.397568, 10.400948, 21]
[true, 1857123259, "2018-11-08T17:46:17Z", 0, -115, 3.5, 1, 63.397568, 10.400948, 21]
[true, 1869253756, "2018-11-08T17:46:29Z", 6, -111, 5, 0, 63.397568, 10.400948, 21]
[true, 1880411747, "2018-11-08T17:46:40Z", 1, -113, 3, 1, 63.397568, 10.400948, 21]
[true, 1891570315, "2018-11-08T17:46:51Z", 0, -114, 3.5, 1, 63.397568, 10.400948, 21]
[true, 1914859748, "2018-11-08T17:47:15Z", 6, -111, 4.5, 0, 63.397568, 10.400948, 21]
[true, 1926991579, "2018-11-08T17:47:27Z", 2, -111, 1, 1, 63.397568, 10.400948, 21]
[true, 1938150035, "2018-11-08T17:47:38Z", 0, -115, 2, 1, 63.397568, 10.400948, 21]
[true, 1949306795, "2018-11-08T17:47:49Z", 0, -117, 2.5, 1, 63.397568, 10.400948, 21]
[true, 1972595491, "2018-11-08T17:48:12Z", 3, -117, 3.5, 0, 63.397568, 10.400948, 21]
[true, 1983754164, "2018-11-08T17:48:23Z", 6, -114, 2.5, 0, 63.397568, 10.400948, 21]
[true, 2006071876, "2018-11-08T17:48:46Z", 7, -115, 1.75, 0, 63.397568, 10.400948, 21]
[true, 2017230411, "2018-11-08T17:48:57Z", 3, -117, 3, 0, 63.397568, 10.400948, 21]
[true, 2028389291, "2018-11-08T17:49:08Z", 2, -114, 3.25, 1, 63.397568, 10.400948, 21]
[true, 2039547988, "2018-11-08T17:49:19Z", 6, -112, 4, 0, 63.397568, 10.400948, 21]
[true, 2063812652, "2018-11-08T17:49:44Z", 7, -117, 2.75, 0, 63.397568, 10.400948, 21]
[true, 2075944339, "2018-11-08T17:49:56Z", 3, -118, 0.75, 0, 63.397568, 10.400948, 21]
[true, 2099232260, "2018-11-08T17:50:19Z", 6, -109, 5.5, 0, 63.397568, 10.400948, 21]
[true, 2110389987, "2018-11-08T17:50:30Z", 2, -110, 3.25, 1, 63.397568, 10.400948, 21]
[true, 2121547340, "2018-11-08T17:50:41Z", 7, -114, 4, 0, 63.397568, 10.400948, 21]
[true, 2132704619, "2018-11-08T17:50:52Z", 2, -112, 3.75, 1, 63.397568, 10.400948, 21]
[true, 2143862107, "2018-11-08T17:51:04Z", 3, -117, 3, 0, 63.397568, 10.400948, 21]
[true, 2167149211, "2018-11-08T17:51:27Z", 1, -106, -2.75, 1, 63.397568, 10.400948, 21]
[true, 2179279587, "2018-11-08T17:51:39Z", 4, -115, 1.75, 0, 63.397568, 10.400948, 21]
[true, 2201593332, "2018-11-08T17:52:01Z", 7, -115, 2.75, 0, 63.397568, 10.400948, 21]
[true, 2212750668, "2018-11-08T17:52:12Z", 5, -113, -0.5, 0, 63.397568, 10.400948, 21]
[true, 2223908243, "2018-11-08T17:52:24Z", 4, -114, 2.75, 0, 63.397568, 10.400948, 21]
[true, 2235065851, "2018-11-08T17:52:35Z", 0, -115, 1.75, 1, 63.397568, 10.400948, 21]
[true, 2259474083, "2018-11-08T17:52:59Z", 3, -111, -6.75, 0, 63.397568, 10.400948, 21]
[true, 2307026100, "2018-11-08T17:53:47Z", 6, -114, 3, 0, 63.397568, 10.400948, 21]
[true, 2319157091, "2018-11-08T17:53:59Z", 3, -119, 2, 0, 63.397568, 10.400948, 21]
[true, 2330315035, "2018-11-08T17:54:10Z", 2, -111, 1.5, 1, 63.397568, 10.400948, 21]
[true, 2352631292, "2018-11-08T17:54:32Z", 7, -115, 3.25, 0, 63.397568, 10.400948, 21]
[true, 2363789891, "2018-11-08T17:54:44Z", 4, -114, 2.75, 0, 63.397568, 10.400948, 21]
[true, 2375921204, "2018-11-08T17:54:56Z", 5, -118, -0.25, 0, 63.397568, 10.400948, 21]
[true, 2400184115, "2018-11-08T17:55:20Z", 1, -113, -1.75, 1, 63.397568, 10.400948, 21]
[true, 2411341899, "2018-11-08T17:55:31Z", 1, -107, -2.25, 1, 63.397568, 10.400948, 21]
[true, 2422499419, "2018-11-08T17:55:42Z", 0, -114, 1.25, 1, 63.397568, 10.400948, 21]
[true, 2433657075, "2018-11-08T17:55:53Z", 2, -113, 2, 1, 63.397568, 10.400948, 21]
[true, 2444815195, "2018-11-08T17:56:05Z", 3, -117, -1, 0, 63.397568, 10.400948, 21]
[true, 2456946339, "2018-11-08T17:56:17Z", 4, -115, 2.5, 0, 63.397568, 10.400948, 21]
[true, 2479261707, "2018-11-08T17:56:39Z", 0, -115, -3.75, 1, 63.397568, 10.400948, 21]
[true, 2501577644, "2018-11-08T17:57:01Z", 5, -114, 0.25, 0, 63.397568, 10.400948, 21]
[true, 2512734987, "2018-11-08T17:57:12Z", 4, -115, 3.25, 0, 63.397568, 10.400948, 21]
[true, 2523892316, "2018-11-08T17:57:24Z", 7, -115, 3, 0, 63.397568, 10.400948, 21]
[true, 2546208588, "2018-11-08T17:57:46Z", 6, -114, 3.75, 0, 63.397568, 10.400948, 21]
[true, 2558340763, "2018-11-08T17:57:58Z", 2, -111, -3, 1, 63.397568, 10.400948, 21]
[true, 2569499548, "2018-11-08T17:58:09Z", 7, -115, 3, 0, 63.397568, 10.400948, 21]
[true, 2580657851, "2018-11-08T17:58:20Z", 2, -112, -6.5, 1, 63.397568, 10.400948, 21]
[true, 2604921091, "2018-11-08T17:58:45Z", 1, -114, -3.75, 1, 63.397568, 10.400948, 21]
[true, 2616079643, "2018-11-08T17:58:56Z", 1, -108, -1.75, 1, 63.397568, 10.400948, 21]
[true, 2627237827, "2018-11-08T17:59:07Z", 2, -113, 0.75, 1, 63.397568, 10.400948, 21]
[true, 2638396195, "2018-11-08T17:59:18Z", 4, -115, 3.25, 0, 63.397568, 10.400948, 21]
[true, 2650527035, "2018-11-08T17:59:30Z", 3, -117, 1.5, 0, 63.397568, 10.400948, 21]
[true, 2661684772, "2018-11-08T17:59:41Z", 2, -111, 1.75, 1, 63.397568, 10.400948, 21]
[true, 2672842763, "2018-11-08T17:59:53Z", 2, -114, 3, 1, 63.397568, 10.400948, 21]
[true, 2684000100, "2018-11-08T18:00:04Z", 6, -113, 5.5, 0, 63.397568, 10.400948, 21]
[true, 2695158115, "2018-11-08T18:00:15Z", 3, -119, -1, 0, 63.397568, 10.400948, 21]
[true, 2718446755, "2018-11-08T18:00:38Z", 1, -108, -7.5, 1, 63.397568, 10.400948, 21]
[true, 2729605339, "2018-11-08T18:00:49Z", 4, -114, 4, 0, 63.397568, 10.400948, 21]
[true, 2740763084, "2018-11-08T18:01:01Z", 7, -114, 3.25, 0, 63.397568, 10.400948, 21]
[true, 2751921171, "2018-11-08T18:01:12Z", 3, -117, 2.25, 0, 63.397568, 10.400948, 21]
[true, 2763079900, "2018-11-08T18:01:23Z", 5, -115, -2.5, 0, 63.397568, 10.400948, 21]
[true, 2774238844, "2018-11-08T18:01:34Z", 6, -112, 3.75, 0, 63.397568, 10.400948, 21]
[true, 2810634179, "2018-11-08T18:02:10Z", 3, -117, 2.5, 0, 63.397568, 10.400948, 21]
[true, 2821792147, "2018-11-08T18:02:22Z", 1, -111, -1.25, 1, 63.397568, 10.400948, 21]
[true, 2845081548, "2018-11-08T18:02:45Z", 7, -114, 3.75, 0, 63.397568, 10.400948, 21]
[true, 2857212643, "2018-11-08T18:02:57Z", 3, -117, 2.5, 0, 63.397568, 10.400948, 21]
[true, 2869343764, "2018-11-08T18:03:09Z", 6, -114, 4, 0, 63.397568, 10.400948, 21]
[true, 2881474683, "2018-11-08T18:03:21Z", 2, -113, 0.25, 1, 63.397568, 10.400948, 21]
[true, 2892632772, "2018-11-08T18:03:32Z", 7, -114, 3.5, 0, 63.397568, 10.400948, 21]
[true, 2903791139, "2018-11-08T18:03:44Z", 0, -115, 3.75, 1, 63.397568, 10.400948, 21]
[true, 2927082059, "2018-11-08T18:04:07Z", 3, -119, 2, 0, 63.397568, 10.400948, 21]
[true, 2938240883, "2018-11-08T18:04:18Z", 4, -113, -6.25, 0, 63.397568, 10.400948, 21]
[true, 2983849068, "2018-11-08T18:05:04Z", 6, -114, 3.75, 0, 63.397568, 10.400948, 21]
[true, 2995980804, "2018-11-08T18:05:16Z", 7, -115, 3, 0, 63.397568, 10.400948, 21]
[true, 3008111803, "2018-11-08T18:05:28Z", 0, -115, 3.25, 1, 63.397568, 10.400948, 21]
[true, 3042559564, "2018-11-08T18:06:02Z", 6, -111, 4.75, 0, 63.397568, 10.400948, 21]
[true, 3053718139, "2018-11-08T18:06:13Z", 2, -113, 3, 1, 63.397568, 10.400948, 21]
[true, 3076035171, "2018-11-08T18:06:36Z", 0, -113, 1.5, 1, 63.397568, 10.400948, 21]
[true, 3088166723, "2018-11-08T18:06:48Z", 3, -114, 2.75, 0, 63.397568, 10.400948, 21]
[true, 3099326067, "2018-11-08T18:06:59Z", 0, -115, 4.25, 1, 63.397568, 10.400948, 21]
[true, 3121644731, "2018-11-08T18:07:21Z", 4, -114, 5, 0, 63.397568, 10.400948, 21]
[true, 3133776956, "2018-11-08T18:07:34Z", 6, -112, 4.5, 0, 63.397568, 10.400948, 21]
[true, 3156093539, "2018-11-08T18:07:56Z", 0, -109, 0.5, 1, 63.397568, 10.400948, 21]
[true, 3167252059, "2018-11-08T18:08:07Z", 3, -117, 2.5, 0, 63.397568, 10.400948, 21]
[true, 3189568579, "2018-11-08T18:08:29Z", 4, -112, 3.75, 0, 63.397568, 10.400948, 21]
[true, 3212858739, "2018-11-08T18:08:53Z", 2, -109, -0.5, 1, 63.397568, 10.400948, 21]
[true, 3224017492, "2018-11-08T18:09:04Z", 7, -114, 4.75, 0, 63.397568, 10.400948, 21]
[true, 3235176395, "2018-11-08T18:09:15Z", 3, -106, 1.75, 0, 63.397568, 10.400948, 21]
[true, 3246335500, "2018-11-08T18:09:26Z", 6, -113, 4, 0, 63.397568, 10.400948, 21]
[true, 3258466595, "2018-11-08T18:09:38Z", 1, -109, -6.25, 1, 63.397568, 10.400948, 21]
[true, 3269624667, "2018-11-08T18:09:49Z", 4, -115, 3, 0, 63.397568, 10.400948, 21]
[true, 3281755899, "2018-11-08T18:10:02Z", 0, -117, 1.5, 1, 63.397568, 10.400948, 21]
[true, 3292913628, "2018-11-08T18:10:13Z", 6, -112, 3, 0, 63.397568, 10.400948, 21]
[true, 3305044675, "2018-11-08T18:10:25Z", 3, -118, 2.25, 0, 63.397568, 10.400948, 21]
[true, 3317175100, "2018-11-08T18:10:37Z", 7, -114, 3, 0, 63.397568, 10.400948, 21]
[true, 3340463763, "2018-11-08T18:11:00Z", 2, -112, -1, 1, 63.397568, 10.400948, 21]
[true, 3351621755, "2018-11-08T18:11:11Z", 4, -113, 2.25, 0, 63.397568, 10.400948, 21]
[true, 3363752571, "2018-11-08T18:11:23Z", 3, -114, -4, 0, 63.397568, 10.400948, 21]
[true, 3374910908, "2018-11-08T18:11:35Z", 7, -115, 1.5, 0, 63.397568, 10.400948, 21]
[true, 3398200587, "2018-11-08T18:11:58Z", 2, -108, -2.5, 1, 63.397568, 10.400948, 21]
[true, 3409358755, "2018-11-08T18:12:09Z", 2, -113, 2.75, 1, 63.397568, 10.400948, 21]
[true, 3420517283, "2018-11-08T18:12:20Z", 4, -115, 2.75, 0, 63.397568, 10.400948, 21]
[true, 3431675443, "2018-11-08T18:12:31Z", 2, -111, 1, 1, 63.397568, 10.400948, 21]
[true, 3442834492, "2018-11-08T18:12:43Z", 7, -115, 2.5, 0, 63.397568, 10.400948, 21]
[true, 3465149803, "2018-11-08T18:13:05Z", 3, -120, -3.25, 0, 63.397568, 10.400948, 21]
[true, 3477280907, "2018-11-08T18:13:17Z", 4, -118, -1, 0, 63.397568, 10.400948, 21]
[true, 3488438907, "2018-11-08T18:13:28Z", 1, -113, -4, 1, 63.397568, 10.400948, 21]
[true, 3510756059, "2018-11-08T18:13:51Z", 2, -115, -5.5, 1, 63.397568, 10.400948, 21]
[true, 3521913844, "2018-11-08T18:14:02Z", 7, -119, 1.25, 0, 63.397568, 10.400948, 21]
[true, 3533072075, "2018-11-08T18:14:13Z", 1, -107, -6.75, 1, 63.397568, 10.400948, 21]
[true, 3555388875, "2018-11-08T18:14:35Z", 0, -115, 0.75, 1, 63.397568, 10.400948, 21]
[true, 3566546467, "2018-11-08T18:14:46Z", 3, -117, 1, 0, 63.397568, 10.400948, 21]
[true, 3577704604, "2018-11-08T18:14:57Z", 6, -113, 2, 0, 63.397568, 10.400948, 21]
[true, 3601966523, "2018-11-08T18:15:22Z", 4, -115, 2.25, 0, 63.397568, 10.400948, 21]
[true, 3613123491, "2018-11-08T18:15:33Z", 0, -117, -0.5, 1, 63.397568, 10.400948, 21]
[true, 3635438852, "2018-11-08T18:15:55Z", 7, -115, -2.25, 0, 63.397568, 10.400948, 21]
[true, 3657754035, "2018-11-08T18:16:18Z", 1, -106, -2, 1, 63.397568, 10.400948, 21]
[true, 3668911907, "2018-11-08T18:16:29Z", 3, -120, -1, 0, 63.397568, 10.400948, 21]
[true, 3691227875, "2018-11-08T18:16:51Z", 4, -114, 1.25, 0, 63.397568, 10.400948, 21]
[true, 3702386508, "2018-11-08T18:17:02Z", 6, -115, 0.75, 0, 63.397568, 10.400948, 21]
[true, 3714518579, "2018-11-08T18:17:14Z", 3, -118, 0.75, 0, 63.397568, 10.400948, 21]
[true, 3726650115, "2018-11-08T18:17:26Z", 2, -114, -1.75, 1, 63.397568, 10.400948, 21]
[true, 3737808579, "2018-11-08T18:17:38Z", 4, -114, 1.25, 0, 63.397568, 10.400948, 21]
[true, 3749940020, "2018-11-08T18:17:50Z", 6, -117, 1.75, 0, 63.397568, 10.400948, 21]
[true, 3786335292, "2018-11-08T18:18:26Z", 7, -119, -0.75, 0, 63.397568, 10.400948, 21]
[true, 3798466747, "2018-11-08T18:18:38Z", 0, -115, -5.5, 1, 63.397568, 10.400948, 21]
[true, 3809625404, "2018-11-08T18:18:49Z", 6, -117, 1, 0, 63.397568, 10.400948, 21]
[true, 3820782883, "2018-11-08T18:19:01Z", 2, -114, -2.5, 1, 63.397568, 10.400948, 21]
[true, 3831940307, "2018-11-08T18:19:12Z", 4, -117, 0, 0, 63.397568, 10.400948, 21]
[true, 3843098139, "2018-11-08T18:19:23Z", 0, -118, -1.5, 1, 63.397568, 10.400948, 21]
[true, 3877546180, "2018-11-08T18:19:57Z", 6, -115, -0.5, 0, 63.397568, 10.400948, 21]
[true, 3889677724, "2018-11-08T18:20:09Z", 7, -116, -0.25, 0, 63.397568, 10.400948, 21]
[true, 3900836627, "2018-11-08T18:20:21Z", 4, -118, 0.5, 0, 63.397568, 10.400948, 21]
[true, 3912968115, "2018-11-08T18:20:33Z", 0, -111, -4.75, 1, 63.397568, 10.400948, 21]
[true, 3924126387, "2018-11-08T18:20:44Z", 0, -117, 0.75, 1, 63.397568, 10.400948, 21]
[true, 3935284652, "2018-11-08T18:20:55Z", 5, -115, -0.5, 0, 63.397568, 10.400948, 21]
[true, 3947415987, "2018-11-08T18:21:07Z", 4, -115, 2.25, 0, 63.397568, 10.400948, 21]
[true, 3958574475, "2018-11-08T18:21:18Z", 0, -118, -0.75, 1, 63.397568, 10.400948, 21]
[true, 3969733515, "2018-11-08T18:21:29Z", 0, -118, 0.75, 1, 63.397568, 10.400948, 21]
[true, 3980892836, "2018-11-08T18:21:41Z", 7, -118, 2, 0, 63.397568, 10.400948, 21]
[true, 3992051979, "2018-11-08T18:21:52Z", 1, -113, -6.5, 1, 63.397568, 10.400948, 21]
[true, 4015344420, "2018-11-08T18:22:15Z", 6, -117, 1.5, 0, 63.397568, 10.400948, 21]
[true, 4026504347, "2018-11-08T18:22:26Z", 1, -113, -0.75, 1, 63.397568, 10.400948, 21]
[true, 4048822900, "2018-11-08T18:22:49Z", 7, -116, 1.5, 0, 63.397568, 10.400948, 21]
[true, 4059981251, "2018-11-08T18:23:00Z", 0, -119, -1.25, 1, 63.397568, 10.400948, 21]
[true, 4093456875, "2018-11-08T18:23:33Z", 4, -118, -0.25, 0, 63.397568, 10.400948, 21]
[true, 4104614084, "2018-11-08T18:23:44Z", 7, -117, 0, 0, 63.397568, 10.400948, 21]
[true, 4115772427, "2018-11-08T18:23:56Z", 2, -111, -2.5, 1, 63.397568, 10.400948, 21]
[true, 4138089619, "2018-11-08T18:24:18Z", 0, -117, 1, 1, 63.397568, 10.400948, 21]
[true, 4149248691, "2018-11-08T18:24:29Z", 4, -115, 2.75, 0, 63.397568, 10.400948, 21]
[true, 4171566068, "2018-11-08T18:24:51Z", 7, -117, 2.5, 0, 63.397568, 10.400948, 21]
[true, 4194856931, "2018-11-08T18:25:15Z", 2, -114, 1.25, 1, 63.397568, 10.400948, 21]
[true, 4206015364, "2018-11-08T18:25:26Z", 5, -113, -3, 0, 63.397568, 10.400948, 21]
[true, 4217174348, "2018-11-08T18:25:37Z", 7, -115, 2.5, 0, 63.397568, 10.400948, 21]
[true, 4240465267, "2018-11-08T18:26:00Z", 0, -115, 1.75, 1, 63.397568, 10.400948, 21]
[true, 4251624827, "2018-11-08T18:26:11Z", 0, -117, 1.5, 1, 63.397568, 10.400948, 21]
[true, 4262784219, "2018-11-08T18:26:23Z", 3, -119, -1, 0, 63.397568, 10.400948, 21]
[true, 4286076187, "2018-11-08T18:26:46Z", 0, -115, 1.25, 1, 63.397568, 10.400948, 21]
[true, 2268299, "2018-11-08T18:26:57Z", 4, -115, 2, 0, 63.397568, 10.400948, 21]
[true, 13428323, "2018-11-08T18:27:08Z", 1, -113, 0.5, 1, 63.397568, 10.400948, 21]
[true, 24587851, "2018-11-08T18:27:19Z", 0, -115, 0, 1, 63.397568, 10.400948, 21]
[true, 46907371, "2018-11-08T18:27:42Z", 2, -114, 2.75, 1, 63.397568, 10.400948, 21]
[true, 58066003, "2018-11-08T18:27:53Z", 0, -114, 3, 1, 63.397568, 10.400948, 21]
[true, 69224724, "2018-11-08T18:28:04Z", 6, -115, 1.25, 0, 63.397568, 10.400948, 21]
[true, 104648475, "2018-11-08T18:28:39Z", 2, -109, -4.75, 1, 63.397568, 10.400948, 21]
[true, 115808595, "2018-11-08T18:28:51Z", 0, -114, 1.5, 1, 63.397568, 10.400948, 21]
[true, 127940748, "2018-11-08T18:29:03Z", 7, -114, 0.75, 0, 63.397568, 10.400948, 21]
[true, 140073276, "2018-11-08T18:29:15Z", 5, -114, 0, 0, 63.397568, 10.400948, 21]
[true, 151232452, "2018-11-08T18:29:26Z", 6, -114, 3, 0, 63.397568, 10.400948, 21]
[true, 163365651, "2018-11-08T18:29:38Z", 3, -117, 3.5, 0, 63.397568, 10.400948, 21]
[true, 186658163, "2018-11-08T18:30:01Z", 0, -115, 2.75, 1, 63.397568, 10.400948, 21]
[true, 197816236, "2018-11-08T18:30:13Z", 5, -113, 1.5, 0, 63.397568, 10.400948, 21]
[true, 221106499, "2018-11-08T18:30:36Z", 0, -117, 0.75, 1, 63.397568, 10.400948, 21]
[true, 233236723, "2018-11-08T18:30:48Z", 0, -115, 0, 1, 63.397568, 10.400948, 21]
[true, 244394412, "2018-11-08T18:30:59Z", 6, -114, 3, 0, 63.397568, 10.400948, 21]
[true, 256525123, "2018-11-08T18:31:11Z", 0, -117, 1.5, 1, 63.397568, 10.400948, 21]
[true, 278840843, "2018-11-08T18:31:34Z", 3, -115, 2.75, 0, 63.397568, 10.400948, 21]
[true, 289999284, "2018-11-08T18:31:45Z", 7, -115, 3.25, 0, 63.397568, 10.400948, 21]
[true, 313287715, "2018-11-08T18:32:08Z", 2, -113, 2, 1, 63.397568, 10.400948, 21]
[true, 335602436, "2018-11-08T18:32:30Z", 7, -114, 3.5, 0, 63.397568, 10.400948, 21]
[true, 347734163, "2018-11-08T18:32:42Z", 0, -118, -3.25, 1, 63.397568, 10.400948, 21]
[true, 359865427, "2018-11-08T18:32:55Z", 0, -115, 0.5, 1, 63.397568, 10.400948, 21]
[true, 371023596, "2018-11-08T18:33:06Z", 6, -114, 3.75, 0, 63.397568, 10.400948, 21]
[true, 383155419, "2018-11-08T18:33:18Z", 2, -114, -3.25, 1, 63.397568, 10.400948, 21]
[true, 405471747, "2018-11-08T18:33:40Z", 4, -114, 3, 0, 63.397568, 10.400948, 21]
[true, 416629763, "2018-11-08T18:33:51Z", 3, -119, 1.25, 0, 63.397568, 10.400948, 21]
[true, 427787148, "2018-11-08T18:34:02Z", 7, -115, 3.25, 0, 63.397568, 10.400948, 21]
[true, 438944435, "2018-11-08T18:34:14Z", 0, -119, 0.5, 1, 63.397568, 10.400948, 21]
[true, 450102812, "2018-11-08T18:34:25Z", 6, -119, -0.75, 0, 63.397568, 10.400948, 21]
[true, 462234859, "2018-11-08T18:34:37Z", 1, -115, -5.75, 1, 63.397568, 10.400948, 21]
[true, 473393076, "2018-11-08T18:34:48Z", 7, -118, -0.75, 0, 63.397568, 10.400948, 21]
[true, 485524755, "2018-11-08T18:35:00Z", 0, -113, 2, 1, 63.397568, 10.400948, 21]
[true, 496683443, "2018-11-08T18:35:11Z", 4, -114, 1.5, 0, 63.397568, 10.400948, 21]
[true, 542289148, "2018-11-08T18:35:57Z", 6, -115, 2.25, 0, 63.397568, 10.400948, 21]
[true, 554420332, "2018-11-08T18:36:09Z", 7, -118, 1.75, 0, 63.397568, 10.400948, 21]
[true, 578681595, "2018-11-08T18:36:33Z", 1, -119, -4, 1, 63.397568, 10.400948, 21]
[true, 589839068, "2018-11-08T18:36:45Z", 6, -113, 1.25, 0, 63.397568, 10.400948, 21]
[true, 600996883, "2018-11-08T18:36:56Z", 2, -114, 1.5, 1, 63.397568, 10.400948, 21]
[true, 612155091, "2018-11-08T18:37:07Z", 1, -115, -5.5, 1, 63.397568, 10.400948, 21]
[true, 635444211, "2018-11-08T18:37:30Z", 2, -114, -6.25, 1, 63.397568, 10.400948, 21]
[true, 658733628, "2018-11-08T18:37:53Z", 7, -116, -0.25, 0, 63.397568, 10.400948, 21]
[true, 681050364, "2018-11-08T18:38:16Z", 6, -115, 0.5, 0, 63.397568, 10.400948, 21]
