[3996808660, "2018-11-10T19:25:23.953793Z", 6, -118, -14.2, 1, 63.41785, 10.4021, 112]
[4020829467, "2018-11-10T19:25:47.951042Z", 4, -114, -6.8, 1, 63.41785, 10.4021, 112]
[4029180283, "2018-11-10T19:25:56.297772Z", 3, -118, -5, 1, 63.41785, 10.4021, 112]
[4066680027, "2018-11-10T19:26:33.794553Z", 4, -117, -6.5, 1, 63.41785, 10.4021, 112]
[4121830179, "2018-11-10T19:27:28.947802Z", 3, -119, -5, 1, 63.41785, 10.4021, 112]
[4179379683, "2018-11-10T19:28:26.498649Z", 3, -117, -7.5, 1, 63.41785, 10.4021, 112]
[1546470931, "2018-11-10T22:19:18.451314Z", 3, -119, -6.2, 1, 63.41785, 10.4021, 112]
[1563118932, "2018-11-10T22:19:35.105681Z", 6, -119, -9.5, 1, 63.41785, 10.4021, 112]
[1584554987, "2018-11-10T22:19:56.538932Z", 3, -119, -8.5, 1, 63.41785, 10.4021, 112]
[1653732499, "2018-11-10T22:21:05.715562Z", 4, -117, -7.2, 1, 63.41785, 10.4021, 112]
[1657833132, "2018-11-10T22:21:09.818438Z", 5, -114, -8, 1, 63.41785, 10.4021, 112]
[1686668900, "2018-11-10T22:21:38.655436Z", 3, -120, -8, 1, 63.41785, 10.4021, 112]
[1748489420, "2018-11-10T22:22:40.478439Z", 0, -119, -8.8, 0, 63.41785, 10.4021, 112]
[1752750252, "2018-11-10T22:22:44.740321Z", 2, -117, -7.2, 0, 63.41785, 10.4021, 112]
[1781413540, "2018-11-10T22:23:13.399316Z", 2, -119, -10, 0, 63.41785, 10.4021, 112]
[1785673380, "2018-11-10T22:23:17.665196Z", 3, -119, -7.8, 1, 63.41785, 10.4021, 112]
[1789932804, "2018-11-10T22:23:21.918068Z", 6, -118, -9.5, 1, 63.41785, 10.4021, 112]
[1988851835, "2018-11-10T22:26:40.838329Z", 3, -119, -6.2, 1, 63.41785, 10.4021, 112]
[2014933915, "2018-11-10T22:27:06.914457Z", 2, -121, -6.8, 0, 63.41785, 10.4021, 112]
[2019122187, "2018-11-10T22:27:11.100334Z", 1, -119, -7, 0, 63.41785, 10.4021, 112]
[2025453467, "2018-11-10T22:27:17.434079Z", 2, -117, -6.8, 0, 63.41785, 10.4021, 112]
[2029641851, "2018-11-10T22:27:21.628956Z", 3, -119, -5.8, 1, 63.41785, 10.4021, 112]
[2040162707, "2018-11-10T22:27:32.145586Z", 2, -114, -5.5, 0, 63.41785, 10.4021, 112]
[2074717115, "2018-11-10T22:28:06.695461Z", 2, -119, -7.2, 0, 63.41785, 10.4021, 112]
[2079974931, "2018-11-10T22:28:11.953335Z", 1, -118, -8.8, 0, 63.41785, 10.4021, 112]
[2123789867, "2018-11-10T22:28:55.773835Z", 3, -117, -5.2, 1, 63.41785, 10.4021, 112]
[2132167883, "2018-11-10T22:29:04.15162Z", 1, -118, -7.8, 0, 63.41785, 10.4021, 112]
[2136360067, "2018-11-10T22:29:08.342591Z", 4, -118, -5.8, 1, 63.41785, 10.4021, 112]
[2144739267, "2018-11-10T22:29:16.717082Z", 1, -118, -5.8, 0, 63.41785, 10.4021, 112]
[2153118403, "2018-11-10T22:29:25.097833Z", 2, -117, -4.8, 0, 63.41785, 10.4021, 112]
[2163645995, "2018-11-10T22:29:35.62548Z", 3, -119, -5.2, 1, 63.41785, 10.4021, 112]
[2167833947, "2018-11-10T22:29:39.820353Z", 2, -118, -6.8, 0, 63.41785, 10.4021, 112]
[2178261564, "2018-11-10T22:29:50.248965Z", 5, -118, -6.2, 1, 63.41785, 10.4021, 112]
[2182453875, "2018-11-10T22:29:54.440987Z", 2, -117, -5.8, 0, 63.41785, 10.4021, 112]
[2222918555, "2018-11-10T22:30:34.896458Z", 2, -117, -6, 0, 63.41785, 10.4021, 112]
[2245805499, "2018-11-10T22:30:57.786708Z", 2, -117, -6.5, 0, 63.41785, 10.4021, 112]
[2250963876, "2018-11-10T22:31:02.944593Z", 6, -118, -7.8, 1, 63.41785, 10.4021, 112]
[2255147123, "2018-11-10T22:31:07.136469Z", 4, -116, -7, 1, 63.41785, 10.4021, 112]
[2268828371, "2018-11-10T22:31:20.815965Z", 0, -120, -7.2, 0, 63.41785, 10.4021, 112]
[2277160372, "2018-11-10T22:31:29.147713Z", 2, -119, -8.2, 0, 63.41785, 10.4021, 112]
[2281428268, "2018-11-10T22:31:33.416587Z", 0, -120, -9.5, 0, 63.41785, 10.4021, 112]
[2299463836, "2018-11-10T22:31:51.442961Z", 4, -119, -5.2, 1, 63.41785, 10.4021, 112]
[2303730092, "2018-11-10T22:31:55.71111Z", 2, -119, -6.5, 0, 63.41785, 10.4021, 112]
[2307997660, "2018-11-10T22:31:59.983836Z", 6, -119, -8.8, 1, 63.41785, 10.4021, 112]
[2312263780, "2018-11-10T22:32:04.244469Z", 0, -118, -7.5, 0, 63.41785, 10.4021, 112]
[2316530364, "2018-11-10T22:32:08.510347Z", 5, -119, -4.8, 1, 63.41785, 10.4021, 112]
[2320672788, "2018-11-10T22:32:12.659372Z", 7, -119, -7.5, 1, 63.41785, 10.4021, 112]
[2324940716, "2018-11-10T22:32:16.922094Z", 3, -119, -5, 1, 63.41785, 10.4021, 112]
[2331357092, "2018-11-10T22:32:23.334842Z", 2, -118, -4.5, 0, 63.41785, 10.4021, 112]
[2338846236, "2018-11-10T22:32:30.835611Z", 0, -119, -5.8, 0, 63.41785, 10.4021, 112]
[2373906827, "2018-11-10T22:33:05.888477Z", 1, -118, -7.8, 0, 63.41785, 10.4021, 112]
[2390650979, "2018-11-10T22:33:22.628844Z", 4, -117, -3.5, 1, 63.41785, 10.4021, 112]
