["SF12BW125", true, 2968833820, "2018-11-13T11:25:08Z", 3, -99, 7, 0, 63.397568, 10.400948, 21]
["SF11BW125", true, 2972692820, "2018-11-13T11:25:12Z", 5, -94, 4.25, 0, 63.397568, 10.400948, 21]
["SF10BW125", true, 2976181124, "2018-11-13T11:25:16Z", 7, -96, 7.25, 0, 63.397568, 10.400948, 21]
["SF9BW125", true, 2979545540, "2018-11-13T11:25:19Z", 2, -97, 8.5, 1, 63.397568, 10.400948, 21]
["SF8BW125", true, 2982827212, "2018-11-13T11:25:22Z", 6, -94, -2.75, 0, 63.397568, 10.400948, 21]
["SF7BW125", true, 2986073491, "2018-11-13T11:25:26Z", 4, -99, 8, 0, 63.397568, 10.400948, 21]
["SF12BW125", true, 3062299460, "2018-11-13T12:38:17Z", 7, -109, 5.75, 0, 63.397568, 10.400948, 21]
["SF11BW125", true, 3066158084, "2018-11-13T12:38:21Z", 3, -104, 8.25, 0, 63.397568, 10.400948, 21]
["SF10BW125", true, 3069646372, "2018-11-13T12:38:24Z", 1, -101, 6, 1, 63.397568, 10.400948, 21]
["SF8BW125", true, 3076293236, "2018-11-13T12:38:31Z", 4, -103, 9.5, 0, 63.397568, 10.400948, 21]
["SF7BW125", true, 3079539796, "2018-11-13T12:38:34Z", 6, -114, 4.5, 0, 63.397568, 10.400948, 21]
["SF12BW125", true, 3138137172, "2018-11-13T12:39:33Z", 2, -109, -5, 1, 63.397568, 10.400948, 21]
["SF11BW125", true, 3141996932, "2018-11-13T12:39:36Z", 6, -114, 1.25, 0, 63.397568, 10.400948, 21]
["SF10BW125", true, 3155150788, "2018-11-13T12:39:50Z", 1, -103, 1.75, 1, 63.397568, 10.400948, 21]
["SF9BW125", true, 3158516788, "2018-11-13T12:39:53Z", 4, -102, 9.25, 0, 63.397568, 10.400948, 21]
["SF12BW125", true, 43224780, "2018-11-13T12:59:33Z", 7, -113, 0.75, 0, 63.397568, 10.400948, 21]
["SF11BW125", true, 47083644, "2018-11-13T12:59:37Z", 1, -97, -5.25, 1, 63.397568, 10.400948, 21]
["SF10BW125", true, 50571804, "2018-11-13T12:59:40Z", 0, -115, 3, 1, 63.397568, 10.400948, 21]
["SF9BW125", true, 53936380, "2018-11-13T12:59:43Z", 6, -119, -4.75, 0, 63.397568, 10.400948, 21]
["SF8BW125", true, 57218172, "2018-11-13T12:59:47Z", 3, -119, 1, 0, 63.397568, 10.400948, 21]
["SF12BW125", true, 139459708, "2018-11-13T13:01:09Z", 3, -115, 0.5, 0, 63.397568, 10.400948, 21]
["SF11BW125", true, 143319012, "2018-11-13T13:01:13Z", 0, -119, -8.75, 1, 63.397568, 10.400948, 21]
["SF12BW125", true, 249362860, "2018-11-13T13:02:59Z", 1, -112, -7.25, 1, 63.397568, 10.400948, 21]
["SF11BW125", true, 253222828, "2018-11-13T13:03:03Z", 6, -119, -5, 0, 63.397568, 10.400948, 21]
["SF12BW125", true, 1451840372, "2018-11-13T13:23:01Z", 3, -115, 3.5, 0, 63.397568, 10.400948, 21]
["SF11BW125", true, 1455699244, "2018-11-13T13:23:05Z", 7, -113, 4.5, 0, 63.397568, 10.400948, 21]
["SF9BW125", true, 1462552004, "2018-11-13T13:23:12Z", 0, -113, 5.25, 1, 63.397568, 10.400948, 21]
["SF8BW125", true, 1465833892, "2018-11-13T13:23:15Z", 4, -102, 5.75, 0, 63.397568, 10.400948, 21]
["SF7BW125", true, 1469079740, "2018-11-13T13:23:19Z", 6, -109, 6.5, 0, 63.397568, 10.400948, 21]
["SF12BW125", true, 1553221404, "2018-11-13T13:24:43Z", 4, -105, 5.25, 0, 63.397568, 10.400948, 21]
["SF11BW125", true, 1557080724, "2018-11-13T13:24:47Z", 0, -102, 7.75, 1, 63.397568, 10.400948, 21]
["SF10BW125", true, 1560568876, "2018-11-13T13:24:50Z", 6, -105, 7.25, 0, 63.397568, 10.400948, 21]
["SF9BW125", true, 1563933116, "2018-11-13T13:24:53Z", 2, -105, 7.25, 1, 63.397568, 10.400948, 21]
["SF12BW125", true, 1632564884, "2018-11-13T13:26:02Z", 2, -103, 2.25, 1, 63.397568, 10.400948, 21]
["SF12BW125", true, 1818085948, "2018-11-13T13:29:08Z", 0, -107, 4.5, 1, 63.397568, 10.400948, 21]
["SF11BW125", true, 1821945484, "2018-11-13T13:29:11Z", 5, -101, -2.25, 0, 63.397568, 10.400948, 21]
["SF8BW125", true, 1848937684, "2018-11-13T13:29:38Z", 6, -109, 9.25, 0, 63.397568, 10.400948, 21]
["SF12BW125", true, 2035747420, "2018-11-13T13:32:45Z", 4, -101, 2.75, 0, 63.397568, 10.400948, 21]
["SF11BW125", true, 2039606460, "2018-11-13T13:32:49Z", 3, -100, 9, 0, 63.397568, 10.400948, 21]
["SF10BW125", true, 2043094604, "2018-11-13T13:32:53Z", 2, -102, 4.25, 1, 63.397568, 10.400948, 21]
["SF9BW125", true, 2046459156, "2018-11-13T13:32:56Z", 6, -106, 7.25, 0, 63.397568, 10.400948, 21]
["SF7BW125", true, 2052986459, "2018-11-13T13:33:02Z", 0, -106, 7.5, 1, 63.397568, 10.400948, 21]
["SF12BW125", true, 2063226660, "2018-11-13T13:33:13Z", 7, -107, 5.25, 0, 63.397568, 10.400948, 21]
["SF11BW125", true, 2067085692, "2018-11-13T13:33:17Z", 0, -105, 6.75, 1, 63.397568, 10.400948, 21]
["SF12BW125", true, 3252246380, "2018-11-13T13:53:02Z", 3, -120, -3.25, 0, 63.397568, 10.400948, 21]
["SF8BW125", true, 3266239628, "2018-11-13T13:53:16Z", 4, -118, -6.75, 0, 63.397568, 10.400948, 21]
["SF10BW125", true, 3341316060, "2018-11-13T13:54:31Z", 6, -120, -10.25, 0, 63.397568, 10.400948, 21]
["SF9BW125", true, 3347902036, "2018-11-13T13:54:37Z", 4, -120, -3.25, 0, 63.397568, 10.400948, 21]
["SF12BW125", true, 3664644836, "2018-11-13T15:11:29Z", 0, -95, 4.25, 1, 63.397568, 10.400948, 21]
["SF12BW125", true, 3775064740, "2018-11-13T15:13:19Z", 7, -101, 6, 0, 63.397568, 10.400948, 21]
["SF11BW125", true, 3778923564, "2018-11-13T15:13:23Z", 3, -93, 9.5, 0, 63.397568, 10.400948, 21]
["SF10BW125", true, 3782412004, "2018-11-13T15:13:27Z", 4, -90, 6.25, 0, 63.397568, 10.400948, 21]
["SF9BW125", true, 3785776188, "2018-11-13T15:13:30Z", 0, -97, 2.75, 1, 63.397568, 10.400948, 21]
["SF8BW125", true, 3789058612, "2018-11-13T15:13:33Z", 6, -99, 9.5, 0, 63.397568, 10.400948, 21]
["SF7BW125", true, 3792305028, "2018-11-13T15:13:37Z", 5, -90, -4.5, 0, 63.397568, 10.400948, 21]
["SF12BW125", true, 3908521804, "2018-11-13T15:15:33Z", 0, -118, -0.5, 1, 63.397568, 10.400948, 21]
["SF11BW125", true, 3912381244, "2018-11-13T15:15:37Z", 5, -99, 0.25, 0, 63.397568, 10.400948, 21]
["SF10BW125", true, 3915869692, "2018-11-13T15:15:40Z", 6, -107, 5.25, 0, 63.397568, 10.400948, 21]
["SF12BW125", true, 197410996, "2018-11-13T15:25:17Z", 2, -102, -10.75, 1, 63.397568, 10.400948, 21]
["SF11BW125", true, 201272020, "2018-11-13T15:25:21Z", 4, -117, -0.25, 0, 63.397568, 10.400948, 21]
["SF10BW125", true, 204760148, "2018-11-13T15:25:24Z", 3, -117, -2.75, 0, 63.397568, 10.400948, 21]
["SF8BW125", true, 211406692, "2018-11-13T15:25:31Z", 6, -120, -3.75, 0, 63.397568, 10.400948, 21]
["SF7BW125", true, 214653596, "2018-11-13T15:25:34Z", 7, -119, 1, 0, 63.397568, 10.400948, 21]
["SF10BW125", true, 801444412, "2018-11-13T15:35:21Z", 3, -121, -11, 0, 63.397568, 10.400948, 21]
["SF12BW125", true, 1199359916, "2018-11-13T15:41:59Z", 6, -120, -16.5, 0, 63.397568, 10.400948, 21]
["SF11BW125", true, 1203218740, "2018-11-13T15:42:03Z", 3, -121, -14, 0, 63.397568, 10.400948, 21]
["SF12BW125", true, 1341172764, "2018-11-13T15:44:21Z", 2, -120, -11.75, 1, 63.397568, 10.400948, 21]
["SF12BW125", true, 2269736100, "2018-11-13T15:59:49Z", 4, -104, -12.5, 0, 63.397568, 10.400948, 21]
["SF10BW125", true, 2291521596, "2018-11-13T16:00:11Z", 6, -119, -0.75, 0, 63.397568, 10.400948, 21]
["SF11BW125", true, 2477045508, "2018-11-13T16:03:16Z", 7, -120, -1, 0, 63.397568, 10.400948, 21]
["SF12BW125", true, 3577570220, "2018-11-13T16:21:37Z", 7, -116, 0.5, 0, 63.397568, 10.400948, 21]
["SF11BW125", true, 3581429044, "2018-11-13T16:21:41Z", 3, -101, -10.75, 0, 63.397568, 10.400948, 21]
["SF9BW125", true, 3588281164, "2018-11-13T16:21:48Z", 6, -117, 1, 0, 63.397568, 10.400948, 21]
["SF8BW125", true, 3591563492, "2018-11-13T16:21:51Z", 4, -115, 2, 0, 63.397568, 10.400948, 21]
["SF11BW125", true, 533152356, "2018-11-13T16:42:27Z", 6, -119, -15.25, 0, 63.397568, 10.400948, 21]
["SF12BW125", true, 629255596, "2018-11-13T16:44:04Z", 4, -120, -1.5, 0, 63.397568, 10.400948, 21]
