["SF12BW125", true, 4189900156, "2018-11-19T10:02:23Z", 0, -120, -12.25, 1, 63.422485, 10.395755, 20]
["SF12BW125", true, 196359124, "2018-11-19T10:07:25Z", 7, -120, -13.25, 0, 63.422485, 10.395755, 20]
["SF12BW125", true, 223350380, "2018-11-19T10:07:52Z", 3, -120, -10.5, 0, 63.422485, 10.395755, 20]
["SF11BW125", true, 785313308, "2018-11-19T10:17:14Z", 3, -121, -11.75, 0, 63.422485, 10.395755, 20]
["SF11BW125", true, 895237820, "2018-11-19T10:19:03Z", 7, -121, -13, 0, 63.422485, 10.395755, 20]
["SF11BW125", true, 968696228, "2018-11-19T10:20:17Z", 4, -119, -8.5, 0, 63.422485, 10.395755, 20]
["SF10BW125", true, 1273931884, "2018-11-19T10:25:22Z", 3, -121, -11, 0, 63.422485, 10.395755, 20]
["SF10BW125", true, 1337982204, "2018-11-19T10:26:26Z", 7, -120, -9, 0, 63.422485, 10.395755, 20]
["SF10BW125", true, 1522488652, "2018-11-19T10:29:31Z", 3, -121, -11.5, 0, 63.422485, 10.395755, 20]
["SF10BW125", true, 1585251068, "2018-11-19T10:30:33Z", 7, -120, -10.25, 0, 63.422485, 10.395755, 20]
["SF9BW125", true, 1741044228, "2018-11-19T10:33:09Z", 3, -119, -7.75, 0, 63.422485, 10.395755, 20]
["SF9BW125", true, 1781383100, "2018-11-19T10:33:50Z", 7, -121, -9.5, 0, 63.422485, 10.395755, 20]
["SF9BW125", true, 1928551588, "2018-11-19T10:36:17Z", 3, -120, -10.5, 0, 63.422485, 10.395755, 20]
["SF9BW125", true, 1949473388, "2018-11-19T10:36:38Z", 4, -120, -10, 0, 63.422485, 10.395755, 20]
["SF8BW125", true, 2333200444, "2018-11-19T10:43:01Z", 4, -120, -6.75, 0, 63.422485, 10.395755, 20]
["SF8BW125", true, 2356040404, "2018-11-19T10:43:24Z", 3, -120, -8.75, 0, 63.422485, 10.395755, 20]
["SF7BW125", true, 2636219523, "2018-11-19T10:48:04Z", 3, -121, -6, 0, 63.422485, 10.395755, 20]
["SF12BW125", true, 3754051412, "2018-11-19T11:06:42Z", 4, -119, 0.5, 0, 63.422485, 10.395755, 20]
["SF12BW125", true, 3772873076, "2018-11-19T11:07:01Z", 2, -63, -3.5, 1, 63.422485, 10.395755, 20]
["SF12BW125", true, 3800878172, "2018-11-19T11:07:29Z", 7, -119, -10.25, 0, 63.422485, 10.395755, 20]
["SF12BW125", true, 3856683220, "2018-11-19T11:08:25Z", 3, -119, -3.5, 0, 63.422485, 10.395755, 20]
["SF12BW125", true, 4059700348, "2018-11-19T11:11:48Z", 4, -115, 1, 0, 63.422485, 10.395755, 20]
["SF11BW125", true, 4142417036, "2018-11-19T11:13:11Z", 1, -115, -10.5, 1, 63.422485, 10.395755, 20]
["SF11BW125", true, 4179189196, "2018-11-19T11:13:47Z", 5, -107, -10.5, 0, 63.422485, 10.395755, 20]
["SF11BW125", true, 4214908500, "2018-11-19T11:14:23Z", 7, -120, -4.25, 0, 63.422485, 10.395755, 20]
["SF11BW125", true, 4251052100, "2018-11-19T11:14:59Z", 3, -118, -0.25, 0, 63.422485, 10.395755, 20]
["SF11BW125", true, 26441668, "2018-11-19T11:16:10Z", 6, -117, -2.5, 0, 63.422485, 10.395755, 20]
["SF11BW125", true, 185792780, "2018-11-19T11:18:49Z", 4, -115, 1.75, 0, 63.422485, 10.395755, 20]
["SF10BW125", true, 277567932, "2018-11-19T11:20:21Z", 6, -117, -0.25, 0, 63.422485, 10.395755, 20]
["SF10BW125", true, 314307820, "2018-11-19T11:20:57Z", 7, -118, -2.75, 0, 63.422485, 10.395755, 20]
["SF10BW125", true, 317795940, "2018-11-19T11:21:01Z", 3, -119, -4.25, 0, 63.422485, 10.395755, 20]
["SF10BW125", true, 373365636, "2018-11-19T11:21:57Z", 0, -121, -5, 1, 63.422485, 10.395755, 20]
["SF10BW125", true, 420441964, "2018-11-19T11:22:44Z", 0, -119, -8.75, 1, 63.422485, 10.395755, 20]
["SF10BW125", true, 508939916, "2018-11-19T11:24:12Z", 6, -118, -1.25, 0, 63.422485, 10.395755, 20]
["SF10BW125", true, 547821828, "2018-11-19T11:24:51Z", 0, -118, -11, 1, 63.422485, 10.395755, 20]
["SF9BW125", true, 693298716, "2018-11-19T11:27:16Z", 7, -118, -3.5, 0, 63.422485, 10.395755, 20]
["SF9BW125", true, 701411740, "2018-11-19T11:27:25Z", 4, -121, -8.25, 0, 63.422485, 10.395755, 20]
["SF9BW125", true, 862865468, "2018-11-19T11:30:06Z", 7, -121, -6, 0, 63.422485, 10.395755, 20]
["SF9BW125", true, 866229772, "2018-11-19T11:30:09Z", 6, -117, -7.25, 0, 63.422485, 10.395755, 20]
["SF9BW125", true, 947378836, "2018-11-19T11:31:31Z", 4, -117, 1.75, 0, 63.422485, 10.395755, 20]
["SF9BW125", true, 950743748, "2018-11-19T11:31:34Z", 0, -115, -8.75, 1, 63.422485, 10.395755, 20]
["SF9BW125", true, 998408492, "2018-11-19T11:32:22Z", 0, -120, -5.75, 1, 63.422485, 10.395755, 20]
["SF9BW125", true, 1048491196, "2018-11-19T11:33:12Z", 0, -120, -1, 1, 63.422485, 10.395755, 20]
["SF8BW125", true, 1201291276, "2018-11-19T11:35:44Z", 6, -117, 1.25, 0, 63.422485, 10.395755, 20]
["SF8BW125", true, 1274201628, "2018-11-19T11:36:57Z", 7, -115, 2, 0, 63.422485, 10.395755, 20]
["SF8BW125", true, 1343973220, "2018-11-19T11:38:07Z", 5, -114, -8.5, 0, 63.422485, 10.395755, 20]
["SF8BW125", true, 1399854956, "2018-11-19T11:39:03Z", 3, -120, -5.5, 0, 63.422485, 10.395755, 20]
["SF8BW125", true, 1433493852, "2018-11-19T11:39:37Z", 2, -110, -3.75, 1, 63.422485, 10.395755, 20]
["SF8BW125", true, 1460512548, "2018-11-19T11:40:04Z", 4, -111, 2.25, 0, 63.422485, 10.395755, 20]
["SF7BW125", true, 1528043611, "2018-11-19T11:41:11Z", 3, -120, -2.25, 0, 63.422485, 10.395755, 20]
["SF7BW125", true, 1562258683, "2018-11-19T11:41:45Z", 3, -117, -2, 0, 63.422485, 10.395755, 20]
["SF7BW125", true, 1565504515, "2018-11-19T11:41:49Z", 0, -117, -4.25, 1, 63.422485, 10.395755, 20]
["SF7BW125", true, 1570085651, "2018-11-19T11:41:53Z", 4, -113, 4.5, 0, 63.422485, 10.395755, 20]
["SF7BW125", true, 1707033171, "2018-11-19T11:44:10Z", 4, -113, 3.5, 0, 63.422485, 10.395755, 20]
["SF7BW125", true, 1736584628, "2018-11-19T11:44:40Z", 6, -114, 2.25, 0, 63.422485, 10.395755, 20]
["SF7BW125", true, 1750285260, "2018-11-19T11:44:53Z", 7, -117, 1.5, 0, 63.422485, 10.395755, 20]
["SF12BW125", true, 2845004212, "2018-11-19T12:03:08Z", 0, -121, -0.75, 1, 63.422485, 10.395755, 20]
["SF12BW125", true, 2902243380, "2018-11-19T12:04:05Z", 4, -115, -1.75, 0, 63.422485, 10.395755, 20]
["SF12BW125", true, 2936119140, "2018-11-19T12:04:39Z", 6, -118, -3.5, 0, 63.422485, 10.395755, 20]
["SF12BW125", true, 2964258668, "2018-11-19T12:05:07Z", 3, -117, -1, 0, 63.422485, 10.395755, 20]
["SF12BW125", true, 2994380980, "2018-11-19T12:05:38Z", 7, -120, 0.25, 0, 63.422485, 10.395755, 20]
["SF12BW125", true, 3019153292, "2018-11-19T12:06:02Z", 5, -119, -10, 0, 63.422485, 10.395755, 20]
["SF12BW125", true, 3145057916, "2018-11-19T12:08:08Z", 3, -119, -4, 0, 63.422485, 10.395755, 20]
["SF12BW125", true, 3155014388, "2018-11-19T12:08:18Z", 0, -119, -1.75, 1, 63.422485, 10.395755, 20]
["SF11BW125", true, 3273592732, "2018-11-19T12:10:17Z", 4, -114, 0.75, 0, 63.422485, 10.395755, 20]
["SF11BW125", true, 3305234684, "2018-11-19T12:10:48Z", 6, -118, -5.75, 0, 63.422485, 10.395755, 20]
["SF11BW125", true, 3341958044, "2018-11-19T12:11:25Z", 1, -115, -12, 1, 63.422485, 10.395755, 20]
["SF11BW125", true, 3386838468, "2018-11-19T12:12:10Z", 7, -116, -1, 0, 63.422485, 10.395755, 20]
["SF11BW125", true, 3414614220, "2018-11-19T12:12:38Z", 5, -114, -6.25, 0, 63.422485, 10.395755, 20]
["SF11BW125", true, 3502487892, "2018-11-19T12:14:06Z", 7, -120, -0.5, 0, 63.422485, 10.395755, 20]
["SF11BW125", true, 3527039108, "2018-11-19T12:14:30Z", 0, -112, -3.25, 1, 63.422485, 10.395755, 20]
["SF11BW125", true, 3540804124, "2018-11-19T12:14:44Z", 3, -121, -0.25, 0, 63.422485, 10.395755, 20]
["SF11BW125", true, 3559497620, "2018-11-19T12:15:03Z", 5, -119, -6.75, 0, 63.422485, 10.395755, 20]
["SF10BW125", true, 3638702732, "2018-11-19T12:16:22Z", 4, -117, -0.5, 0, 63.422485, 10.395755, 20]
["SF10BW125", true, 3643733052, "2018-11-19T12:16:27Z", 6, -120, -5.75, 0, 63.422485, 10.395755, 20]
["SF10BW125", true, 3710313876, "2018-11-19T12:17:33Z", 4, -117, -1, 0, 63.422485, 10.395755, 20]
["SF10BW125", true, 3714438284, "2018-11-19T12:17:38Z", 7, -119, -3, 0, 63.422485, 10.395755, 20]
["SF10BW125", true, 3718822468, "2018-11-19T12:17:42Z", 0, -119, -4.25, 1, 63.422485, 10.395755, 20]
["SF10BW125", true, 3730022548, "2018-11-19T12:17:53Z", 3, -119, -8.75, 0, 63.422485, 10.395755, 20]
["SF9BW125", true, 3807840452, "2018-11-19T12:19:11Z", 0, -111, -6, 1, 63.422485, 10.395755, 20]
["SF9BW125", true, 3820564436, "2018-11-19T12:19:24Z", 6, -120, -5.25, 0, 63.422485, 10.395755, 20]
["SF9BW125", true, 3865782836, "2018-11-19T12:20:09Z", 4, -119, -2.25, 0, 63.422485, 10.395755, 20]
["SF9BW125", true, 3874101636, "2018-11-19T12:20:17Z", 7, -120, -2.25, 0, 63.422485, 10.395755, 20]
["SF9BW125", true, 3889605036, "2018-11-19T12:20:33Z", 6, -118, -5, 0, 63.422485, 10.395755, 20]
["SF9BW125", true, 3912270956, "2018-11-19T12:20:55Z", 3, -121, -5.25, 0, 63.422485, 10.395755, 20]
["SF8BW125", true, 4001424668, "2018-11-19T12:22:25Z", 2, -119, -9, 1, 63.422485, 10.395755, 20]
["SF8BW125", true, 4125949244, "2018-11-19T12:24:29Z", 4, -119, -1.25, 0, 63.422485, 10.395755, 20]
["SF8BW125", true, 4129231316, "2018-11-19T12:24:32Z", 3, -119, -6.25, 0, 63.422485, 10.395755, 20]
["SF8BW125", true, 4176831460, "2018-11-19T12:25:20Z", 6, -119, -5.25, 0, 63.422485, 10.395755, 20]
["SF8BW125", true, 4190299940, "2018-11-19T12:25:33Z", 4, -118, -2.75, 0, 63.422485, 10.395755, 20]
["SF8BW125", true, 4230661740, "2018-11-19T12:26:14Z", 3, -119, -7.25, 0, 63.422485, 10.395755, 20]
["SF8BW125", true, 4263042804, "2018-11-19T12:26:46Z", 7, -120, -5.25, 0, 63.422485, 10.395755, 20]
["SF7BW125", true, 54106092, "2018-11-19T12:28:12Z", 7, -120, -2, 0, 63.422485, 10.395755, 20]
["SF7BW125", true, 70446915, "2018-11-19T12:28:29Z", 3, -120, -9.75, 0, 63.422485, 10.395755, 20]
["SF7BW125", true, 81501811, "2018-11-19T12:28:40Z", 4, -119, -2.75, 0, 63.422485, 10.395755, 20]
["SF7BW125", true, 88288580, "2018-11-19T12:28:46Z", 7, -120, -5, 0, 63.422485, 10.395755, 20]
["SF12BW125", true, 3248057380, "2018-11-19T13:21:26Z", 3, -103, 8.25, 0, 63.422485, 10.395755, 20]
["SF12BW125", true, 3257023228, "2018-11-19T13:21:35Z", 2, -89, 5, 1, 63.422485, 10.395755, 20]
["SF12BW125", true, 3268959844, "2018-11-19T13:21:47Z", 6, -101, 7.5, 0, 63.422485, 10.395755, 20]
["SF12BW125", true, 3273314500, "2018-11-19T13:21:51Z", 0, -98, 6, 1, 63.422485, 10.395755, 20]
["SF12BW125", true, 3277668956, "2018-11-19T13:21:56Z", 4, -97, 6.25, 0, 63.422485, 10.395755, 20]
["SF12BW125", true, 3282023692, "2018-11-19T13:22:00Z", 5, -95, 5, 0, 63.422485, 10.395755, 20]
["SF12BW125", true, 3286378844, "2018-11-19T13:22:05Z", 7, -97, 7, 0, 63.422485, 10.395755, 20]
["SF12BW125", true, 3324587204, "2018-11-19T13:22:43Z", 7, -91, 6.75, 0, 63.422485, 10.395755, 20]
["SF11BW125", true, 3355169212, "2018-11-19T13:23:13Z", 5, -93, 7.5, 0, 63.422485, 10.395755, 20]
["SF11BW125", true, 3359028116, "2018-11-19T13:23:17Z", 6, -109, 7.5, 0, 63.422485, 10.395755, 20]
["SF11BW125", true, 3362887524, "2018-11-19T13:23:21Z", 4, -94, 8, 0, 63.422485, 10.395755, 20]
["SF11BW125", true, 3366746652, "2018-11-19T13:23:25Z", 3, -107, 10.5, 0, 63.422485, 10.395755, 20]
["SF11BW125", true, 3370606228, "2018-11-19T13:23:29Z", 2, -90, 6.75, 1, 63.422485, 10.395755, 20]
["SF11BW125", true, 3374465220, "2018-11-19T13:23:33Z", 1, -95, 6.75, 1, 63.422485, 10.395755, 20]
["SF11BW125", true, 3405518220, "2018-11-19T13:24:04Z", 6, -109, 9.5, 0, 63.422485, 10.395755, 20]
["SF11BW125", true, 3409377124, "2018-11-19T13:24:07Z", 7, -93, 10, 0, 63.422485, 10.395755, 20]
["SF10BW125", true, 3477907396, "2018-11-19T13:25:16Z", 5, -95, 6, 0, 63.422485, 10.395755, 20]
["SF10BW125", true, 3487631084, "2018-11-19T13:25:26Z", 0, -96, 6.25, 1, 63.422485, 10.395755, 20]
["SF10BW125", true, 3491119292, "2018-11-19T13:25:29Z", 1, -85, 7.5, 1, 63.422485, 10.395755, 20]
["SF10BW125", true, 3494608348, "2018-11-19T13:25:33Z", 4, -93, 8.75, 0, 63.422485, 10.395755, 20]
["SF10BW125", true, 3498096492, "2018-11-19T13:25:36Z", 3, -88, 10, 0, 63.422485, 10.395755, 20]
["SF10BW125", true, 3537942052, "2018-11-19T13:26:16Z", 4, -96, 9.75, 0, 63.422485, 10.395755, 20]
["SF10BW125", true, 3541430628, "2018-11-19T13:26:20Z", 0, -96, 7.5, 1, 63.422485, 10.395755, 20]
["SF10BW125", true, 3544919180, "2018-11-19T13:26:23Z", 7, -91, 9, 0, 63.422485, 10.395755, 20]
["SF9BW125", true, 3594677612, "2018-11-19T13:27:13Z", 6, -99, 12.5, 0, 63.422485, 10.395755, 20]
["SF9BW125", true, 3598042476, "2018-11-19T13:27:16Z", 1, -94, 6, 1, 63.422485, 10.395755, 20]
["SF9BW125", true, 3601407572, "2018-11-19T13:27:20Z", 3, -95, 5, 0, 63.422485, 10.395755, 20]
["SF9BW125", true, 3604773668, "2018-11-19T13:27:23Z", 5, -96, 5, 0, 63.422485, 10.395755, 20]
["SF9BW125", true, 3637414012, "2018-11-19T13:27:56Z", 5, -96, 7.5, 0, 63.422485, 10.395755, 20]
["SF9BW125", true, 3640778348, "2018-11-19T13:27:59Z", 0, -102, 7.5, 1, 63.422485, 10.395755, 20]
["SF9BW125", true, 3644142676, "2018-11-19T13:28:02Z", 3, -99, 5.5, 0, 63.422485, 10.395755, 20]
["SF9BW125", true, 3647507252, "2018-11-19T13:28:06Z", 7, -97, 10.25, 0, 63.422485, 10.395755, 20]
["SF8BW125", true, 3660649596, "2018-11-19T13:28:19Z", 4, -99, 10.75, 0, 63.422485, 10.395755, 20]
["SF8BW125", true, 3663931908, "2018-11-19T13:28:22Z", 6, -99, 10, 0, 63.422485, 10.395755, 20]
["SF8BW125", true, 3694022644, "2018-11-19T13:28:52Z", 4, -103, 8.5, 0, 63.422485, 10.395755, 20]
["SF8BW125", true, 3697304588, "2018-11-19T13:28:55Z", 3, -103, 1.75, 0, 63.422485, 10.395755, 20]
["SF8BW125", true, 3700586668, "2018-11-19T13:28:59Z", 1, -103, -3, 1, 63.422485, 10.395755, 20]
["SF8BW125", true, 3703869108, "2018-11-19T13:29:02Z", 7, -109, 3.5, 0, 63.422485, 10.395755, 20]
["SF8BW125", true, 3707151428, "2018-11-19T13:29:05Z", 6, -102, 10.25, 0, 63.422485, 10.395755, 20]
["SF7BW125", true, 3725411836, "2018-11-19T13:29:24Z", 5, -99, 7.75, 0, 63.422485, 10.395755, 20]
["SF7BW125", true, 3728657667, "2018-11-19T13:29:27Z", 2, -91, 7, 1, 63.422485, 10.395755, 20]
["SF7BW125", true, 3731904219, "2018-11-19T13:29:30Z", 1, -102, 6.5, 1, 63.422485, 10.395755, 20]
["SF7BW125", true, 3765485659, "2018-11-19T13:30:04Z", 1, -95, 9.5, 1, 63.422485, 10.395755, 20]
["SF7BW125", true, 3768731475, "2018-11-19T13:30:07Z", 4, -94, 8.25, 0, 63.422485, 10.395755, 20]
["SF7BW125", true, 3776714339, "2018-11-19T13:30:15Z", 0, -97, 9, 1, 63.422485, 10.395755, 20]
["SF7BW125", true, 3779960195, "2018-11-19T13:30:18Z", 3, -96, 8.5, 0, 63.422485, 10.395755, 20]
["SF12BW125", true, 249282732, "2018-11-19T13:43:02Z", 3, -111, 3.25, 0, 63.422485, 10.395755, 20]
["SF12BW125", true, 253637380, "2018-11-19T13:43:07Z", 6, -116, 0.25, 0, 63.422485, 10.395755, 20]
["SF12BW125", true, 257990652, "2018-11-19T13:43:11Z", 5, -109, -8.25, 0, 63.422485, 10.395755, 20]
["SF12BW125", true, 262346492, "2018-11-19T13:43:15Z", 4, -114, 0.75, 0, 63.422485, 10.395755, 20]
["SF12BW125", true, 266701596, "2018-11-19T13:43:20Z", 7, -116, 0.75, 0, 63.422485, 10.395755, 20]
["SF12BW125", true, 271056532, "2018-11-19T13:43:24Z", 0, -116, -7.5, 1, 63.422485, 10.395755, 20]
["SF12BW125", true, 345320780, "2018-11-19T13:44:38Z", 7, -114, 3, 0, 63.422485, 10.395755, 20]
["SF11BW125", true, 381051716, "2018-11-19T13:45:14Z", 6, -111, 4.75, 0, 63.422485, 10.395755, 20]
["SF11BW125", true, 384910692, "2018-11-19T13:45:18Z", 4, -117, 5.25, 0, 63.422485, 10.395755, 20]
["SF11BW125", true, 388769772, "2018-11-19T13:45:22Z", 5, -103, -6.5, 0, 63.422485, 10.395755, 20]
["SF11BW125", true, 392629132, "2018-11-19T13:45:26Z", 3, -117, 3.5, 0, 63.422485, 10.395755, 20]
["SF11BW125", true, 396489220, "2018-11-19T13:45:30Z", 1, -109, -0.75, 1, 63.422485, 10.395755, 20]
["SF11BW125", true, 428190412, "2018-11-19T13:46:01Z", 1, -111, -3.25, 1, 63.422485, 10.395755, 20]
["SF11BW125", true, 432049476, "2018-11-19T13:46:05Z", 2, -115, -0.25, 1, 63.422485, 10.395755, 20]
["SF11BW125", true, 435908692, "2018-11-19T13:46:09Z", 7, -115, 3, 0, 63.422485, 10.395755, 20]
["SF10BW125", true, 496573476, "2018-11-19T13:47:10Z", 5, -111, 0.25, 0, 63.422485, 10.395755, 20]
["SF10BW125", true, 500061652, "2018-11-19T13:47:13Z", 4, -110, 5.75, 0, 63.422485, 10.395755, 20]
["SF10BW125", true, 503549980, "2018-11-19T13:47:17Z", 7, -117, 1, 0, 63.422485, 10.395755, 20]
["SF10BW125", true, 507038020, "2018-11-19T13:47:20Z", 0, -111, 3.75, 1, 63.422485, 10.395755, 20]
["SF10BW125", true, 510526572, "2018-11-19T13:47:24Z", 1, -113, -2.5, 1, 63.422485, 10.395755, 20]
["SF10BW125", true, 514014956, "2018-11-19T13:47:27Z", 6, -108, 5.5, 0, 63.422485, 10.395755, 20]
["SF10BW125", true, 517503156, "2018-11-19T13:47:31Z", 3, -112, 5.75, 0, 63.422485, 10.395755, 20]
["SF10BW125", true, 548607564, "2018-11-19T13:48:02Z", 3, -114, 5.75, 0, 63.422485, 10.395755, 20]
["SF9BW125", true, 564094548, "2018-11-19T13:48:17Z", 7, -115, 3.75, 0, 63.422485, 10.395755, 20]
["SF9BW125", true, 567458628, "2018-11-19T13:48:21Z", 0, -113, 3, 1, 63.422485, 10.395755, 20]
["SF9BW125", true, 570823028, "2018-11-19T13:48:24Z", 4, -113, 6.25, 0, 63.422485, 10.395755, 20]
["SF9BW125", true, 574187676, "2018-11-19T13:48:27Z", 5, -101, -5.5, 0, 63.422485, 10.395755, 20]
["SF9BW125", true, 577552740, "2018-11-19T13:48:31Z", 1, -112, -9.5, 1, 63.422485, 10.395755, 20]
["SF9BW125", true, 580917092, "2018-11-19T13:48:34Z", 6, -113, 5.5, 0, 63.422485, 10.395755, 20]
["SF9BW125", true, 610791396, "2018-11-19T13:49:04Z", 0, -114, 3, 1, 63.422485, 10.395755, 20]
["SF9BW125", true, 614155700, "2018-11-19T13:49:07Z", 5, -114, -6, 0, 63.422485, 10.395755, 20]
["SF8BW125", true, 678374196, "2018-11-19T13:50:11Z", 7, -112, 4.5, 0, 63.422485, 10.395755, 20]
["SF8BW125", true, 681656212, "2018-11-19T13:50:15Z", 4, -108, 6, 0, 63.422485, 10.395755, 20]
["SF8BW125", true, 684938340, "2018-11-19T13:50:18Z", 6, -111, 7, 0, 63.422485, 10.395755, 20]
["SF8BW125", true, 688220428, "2018-11-19T13:50:21Z", 2, -111, 5.5, 1, 63.422485, 10.395755, 20]
["SF8BW125", true, 691502244, "2018-11-19T13:50:25Z", 5, -107, -1.25, 0, 63.422485, 10.395755, 20]
["SF8BW125", true, 694784724, "2018-11-19T13:50:28Z", 3, -111, 6.75, 0, 63.422485, 10.395755, 20]
["SF8BW125", true, 698067292, "2018-11-19T13:50:31Z", 1, -101, -7.25, 1, 63.422485, 10.395755, 20]
["SF8BW125", true, 728409812, "2018-11-19T13:51:01Z", 6, -109, 7.75, 0, 63.422485, 10.395755, 20]
["SF7BW125", true, 741761364, "2018-11-19T13:51:15Z", 5, -109, -0.25, 0, 63.422485, 10.395755, 20]
["SF7BW125", true, 745007403, "2018-11-19T13:51:18Z", 3, -113, 5.75, 0, 63.422485, 10.395755, 20]
["SF7BW125", true, 751499907, "2018-11-19T13:51:25Z", 0, -109, 5.75, 1, 63.422485, 10.395755, 20]
["SF7BW125", true, 754746395, "2018-11-19T13:51:28Z", 4, -111, 5.75, 0, 63.422485, 10.395755, 20]
["SF7BW125", true, 757992660, "2018-11-19T13:51:31Z", 7, -113, 3.75, 0, 63.422485, 10.395755, 20]
["SF7BW125", true, 764486603, "2018-11-19T13:51:38Z", 0, -111, 5, 1, 63.422485, 10.395755, 20]
["SF12BW125", true, 1159167020, "2018-11-19T13:58:12Z", 0, -114, -4, 1, 63.422485, 10.395755, 20]
["SF12BW125", true, 1163521740, "2018-11-19T13:58:17Z", 6, -118, -1.5, 0, 63.422485, 10.395755, 20]
["SF12BW125", true, 1167876524, "2018-11-19T13:58:21Z", 3, -117, -0.5, 0, 63.422485, 10.395755, 20]
["SF12BW125", true, 1172481268, "2018-11-19T13:58:26Z", 7, -119, -3.5, 0, 63.422485, 10.395755, 20]
["SF12BW125", true, 1176836084, "2018-11-19T13:58:30Z", 5, -114, -8, 0, 63.422485, 10.395755, 20]
["SF12BW125", true, 1181191332, "2018-11-19T13:58:34Z", 1, -114, -10, 1, 63.422485, 10.395755, 20]
["SF12BW125", true, 1185545892, "2018-11-19T13:58:39Z", 4, -119, -6.75, 0, 63.422485, 10.395755, 20]
["SF12BW125", true, 1220299372, "2018-11-19T13:59:13Z", 7, -119, -6.75, 0, 63.422485, 10.395755, 20]
["SF11BW125", true, 1282082684, "2018-11-19T14:00:15Z", 2, -114, -6.75, 1, 63.422485, 10.395755, 20]
["SF11BW125", true, 1289800588, "2018-11-19T14:00:23Z", 4, -118, -3.75, 0, 63.422485, 10.395755, 20]
["SF11BW125", true, 1293659476, "2018-11-19T14:00:27Z", 3, -118, -2, 0, 63.422485, 10.395755, 20]
["SF11BW125", true, 1297519196, "2018-11-19T14:00:31Z", 6, -120, -7.5, 0, 63.422485, 10.395755, 20]
["SF11BW125", true, 1301379612, "2018-11-19T14:00:34Z", 7, -120, -7, 0, 63.422485, 10.395755, 20]
["SF10BW125", true, 1343743268, "2018-11-19T14:01:17Z", 7, -119, -0.5, 0, 63.422485, 10.395755, 20]
["SF10BW125", true, 1350719532, "2018-11-19T14:01:24Z", 6, -119, -4.25, 0, 63.422485, 10.395755, 20]
["SF10BW125", true, 1354208108, "2018-11-19T14:01:27Z", 4, -119, -2.75, 0, 63.422485, 10.395755, 20]
["SF10BW125", true, 1357696332, "2018-11-19T14:01:31Z", 5, -109, -10, 0, 63.422485, 10.395755, 20]
["SF10BW125", true, 1413722100, "2018-11-19T14:02:27Z", 4, -120, -3.75, 0, 63.422485, 10.395755, 20]
["SF10BW125", true, 1420698692, "2018-11-19T14:02:34Z", 3, -120, -2.5, 0, 63.422485, 10.395755, 20]
["SF9BW125", true, 1467273740, "2018-11-19T14:03:20Z", 7, -120, -9.25, 0, 63.422485, 10.395755, 20]
["SF9BW125", true, 1506977660, "2018-11-19T14:04:00Z", 3, -118, -4.25, 0, 63.422485, 10.395755, 20]
["SF8BW125", true, 1516492404, "2018-11-19T14:04:10Z", 7, -119, -3, 0, 63.422485, 10.395755, 20]
["SF8BW125", true, 1519774196, "2018-11-19T14:04:13Z", 2, -115, -0.5, 1, 63.422485, 10.395755, 20]
["SF8BW125", true, 1523056636, "2018-11-19T14:04:16Z", 4, -118, -5, 0, 63.422485, 10.395755, 20]
["SF8BW125", true, 1526340028, "2018-11-19T14:04:19Z", 6, -118, -3.75, 0, 63.422485, 10.395755, 20]
["SF8BW125", true, 1553870356, "2018-11-19T14:04:47Z", 4, -119, -1, 0, 63.422485, 10.395755, 20]
["SF8BW125", true, 1557152516, "2018-11-19T14:04:50Z", 3, -121, -4, 0, 63.422485, 10.395755, 20]
["SF7BW125", true, 1586589259, "2018-11-19T14:05:20Z", 2, -117, -5.75, 1, 63.422485, 10.395755, 20]
["SF7BW125", true, 1617575539, "2018-11-19T14:05:51Z", 0, -119, -2.25, 1, 63.422485, 10.395755, 20]
