["SF10BW125", true, 1053272212, "2018-11-13T11:49:17Z", 7, -117, -1.75, 0, 63.42883, 10.385698, 20]
["SF9BW125", true, 1056636628, "2018-11-13T11:49:21Z", 2, -115, -10, 1, 63.42883, 10.385698, 20]
["SF8BW125", true, 1059918292, "2018-11-13T11:49:24Z", 6, -116, -1.75, 0, 63.42883, 10.385698, 20]
["SF7BW125", true, 1063164579, "2018-11-13T11:49:27Z", 4, -119, -2.25, 0, 63.42883, 10.385698, 20]
["SF12BW125", true, 1139390020, "2018-11-13T13:02:18Z", 7, -93, 6.5, 0, 63.42883, 10.385698, 20]
["SF11BW125", true, 1143248644, "2018-11-13T13:02:22Z", 3, -89, 9.25, 0, 63.42883, 10.385698, 20]
["SF10BW125", true, 1146736932, "2018-11-13T13:02:26Z", 1, -89, 10, 1, 63.42883, 10.385698, 20]
["SF9BW125", true, 1150101508, "2018-11-13T13:02:29Z", 5, -91, 7.25, 0, 63.42883, 10.385698, 20]
["SF8BW125", true, 1153383796, "2018-11-13T13:02:32Z", 4, -91, 11.25, 0, 63.42883, 10.385698, 20]
["SF7BW125", true, 1156630356, "2018-11-13T13:02:36Z", 6, -95, 7.75, 0, 63.42883, 10.385698, 20]
["SF12BW125", true, 1215227724, "2018-11-13T13:03:34Z", 2, -95, 5, 1, 63.42883, 10.385698, 20]
["SF11BW125", true, 1219087484, "2018-11-13T13:03:38Z", 6, -94, 8.25, 0, 63.42883, 10.385698, 20]
["SF10BW125", true, 1232241332, "2018-11-13T13:03:51Z", 1, -89, 7, 1, 63.42883, 10.385698, 20]
["SF9BW125", true, 1235607332, "2018-11-13T13:03:55Z", 4, -91, 10, 0, 63.42883, 10.385698, 20]
["SF12BW125", true, 2415282500, "2018-11-13T13:23:34Z", 7, -121, -10.75, 0, 63.42883, 10.385698, 20]
["SF12BW125", true, 3823897956, "2018-11-13T13:47:03Z", 3, -119, -7.25, 0, 63.42883, 10.385698, 20]
["SF11BW125", true, 3827756828, "2018-11-13T13:47:07Z", 7, -120, -12, 0, 63.42883, 10.385698, 20]
["SF12BW125", true, 3925278980, "2018-11-13T13:48:44Z", 4, -119, -8.5, 0, 63.42883, 10.385698, 20]
["SF11BW125", true, 3929138300, "2018-11-13T13:48:48Z", 0, -117, -13.75, 1, 63.42883, 10.385698, 20]
["SF10BW125", true, 3932626452, "2018-11-13T13:48:52Z", 6, -120, -5.5, 0, 63.42883, 10.385698, 20]
["SF12BW125", true, 4004622460, "2018-11-13T13:50:04Z", 2, -120, -9.5, 1, 63.42883, 10.385698, 20]
["SF11BW125", true, 4194003036, "2018-11-13T13:53:13Z", 5, -117, -11, 0, 63.42883, 10.385698, 20]
["SF12BW125", true, 112837644, "2018-11-13T13:56:47Z", 4, -119, -3.75, 0, 63.42883, 10.385698, 20]
["SF11BW125", true, 116696700, "2018-11-13T13:56:51Z", 3, -119, -3.75, 0, 63.42883, 10.385698, 20]
["SF9BW125", true, 123549388, "2018-11-13T13:56:57Z", 6, -119, -4.25, 0, 63.42883, 10.385698, 20]
["SF11BW125", true, 144175940, "2018-11-13T13:57:18Z", 0, -119, -13.5, 1, 63.42883, 10.385698, 20]
["SF12BW125", true, 1329336556, "2018-11-13T14:17:03Z", 3, -120, -0.25, 0, 63.42883, 10.385698, 20]
["SF10BW125", true, 1336683660, "2018-11-13T14:17:11Z", 7, -120, -4, 0, 63.42883, 10.385698, 20]
["SF9BW125", true, 1340047852, "2018-11-13T14:17:14Z", 0, -115, -9.75, 1, 63.42883, 10.385698, 20]
["SF12BW125", true, 1411057900, "2018-11-13T14:18:25Z", 0, -120, -3.75, 1, 63.42883, 10.385698, 20]
["SF10BW125", true, 1418406228, "2018-11-13T14:18:32Z", 6, -119, -6.5, 0, 63.42883, 10.385698, 20]
["SF9BW125", true, 1424992204, "2018-11-13T14:18:39Z", 4, -119, -9.75, 0, 63.42883, 10.385698, 20]
["SF9BW125", true, 1530584092, "2018-11-13T14:20:24Z", 1, -114, -4.5, 1, 63.42883, 10.385698, 20]
["SF12BW125", true, 1741735148, "2018-11-13T15:35:31Z", 0, -96, 5.25, 1, 63.42883, 10.385698, 20]
["SF12BW125", true, 1852155060, "2018-11-13T15:37:21Z", 7, -96, 5, 0, 63.42883, 10.385698, 20]
["SF11BW125", true, 1856013884, "2018-11-13T15:37:25Z", 3, -95, 10, 0, 63.42883, 10.385698, 20]
["SF10BW125", true, 1859502324, "2018-11-13T15:37:28Z", 4, -97, 8.25, 0, 63.42883, 10.385698, 20]
["SF9BW125", true, 1862866508, "2018-11-13T15:37:32Z", 0, -96, 10.75, 1, 63.42883, 10.385698, 20]
["SF8BW125", true, 1866148924, "2018-11-13T15:37:35Z", 6, -87, 9.25, 0, 63.42883, 10.385698, 20]
["SF7BW125", true, 1869395340, "2018-11-13T15:37:38Z", 5, -95, 4.25, 0, 63.42883, 10.385698, 20]
["SF12BW125", true, 1985612124, "2018-11-13T15:39:34Z", 0, -97, 5.25, 1, 63.42883, 10.385698, 20]
["SF11BW125", true, 1989471572, "2018-11-13T15:39:38Z", 5, -90, 6.25, 0, 63.42883, 10.385698, 20]
["SF10BW125", true, 1992960020, "2018-11-13T15:39:42Z", 6, -96, 8.5, 0, 63.42883, 10.385698, 20]
["SF12BW125", true, 2569470804, "2018-11-13T15:49:18Z", 2, -109, 1.75, 1, 63.42883, 10.385698, 20]
["SF11BW125", true, 2573329660, "2018-11-13T15:49:22Z", 4, -104, 6.75, 0, 63.42883, 10.385698, 20]
["SF9BW125", true, 2580182020, "2018-11-13T15:49:29Z", 5, -108, 0.5, 0, 63.42883, 10.385698, 20]
["SF8BW125", true, 2583464340, "2018-11-13T15:49:32Z", 6, -111, 6.25, 0, 63.42883, 10.385698, 20]
["SF12BW125", true, 2769984140, "2018-11-13T15:52:39Z", 2, -81, 5.5, 1, 63.42883, 10.385698, 20]
["SF11BW125", true, 2773842948, "2018-11-13T15:52:43Z", 7, -87, 7.25, 0, 63.42883, 10.385698, 20]
["SF10BW125", true, 2777331852, "2018-11-13T15:52:46Z", 5, -79, 7.25, 0, 63.42883, 10.385698, 20]
["SF9BW125", true, 2780697404, "2018-11-13T15:52:49Z", 6, -85, 11.5, 0, 63.42883, 10.385698, 20]
["SF12BW125", true, 3166154508, "2018-11-13T15:59:15Z", 5, -101, 2.75, 0, 63.42883, 10.385698, 20]
["SF11BW125", true, 3170013868, "2018-11-13T15:59:19Z", 2, -90, 4.25, 1, 63.42883, 10.385698, 20]
["SF9BW125", true, 3176866988, "2018-11-13T15:59:26Z", 6, -107, 8.5, 0, 63.42883, 10.385698, 20]
["SF12BW125", true, 3312554468, "2018-11-13T16:01:41Z", 4, -119, -4.5, 0, 63.42883, 10.385698, 20]
["SF9BW125", true, 3340703796, "2018-11-13T16:02:09Z", 6, -118, -8.75, 0, 63.42883, 10.385698, 20]
["SF12BW125", true, 3571417604, "2018-11-13T16:06:00Z", 6, -116, 0, 0, 63.42883, 10.385698, 20]
["SF11BW125", true, 3575276428, "2018-11-13T16:06:04Z", 3, -119, -9, 0, 63.42883, 10.385698, 20]
["SF10BW125", true, 3578764564, "2018-11-13T16:06:08Z", 7, -121, -6.5, 0, 63.42883, 10.385698, 20]
["SF12BW125", true, 3713230476, "2018-11-13T16:08:22Z", 2, -111, -4, 1, 63.42883, 10.385698, 20]
["SF10BW125", true, 153833324, "2018-11-13T16:20:38Z", 7, -117, 0.25, 0, 63.42883, 10.385698, 20]
["SF12BW125", true, 254555820, "2018-11-13T16:22:18Z", 5, -98, 3.5, 0, 63.42883, 10.385698, 20]
["SF12BW125", true, 346826564, "2018-11-13T16:23:51Z", 4, -97, 8.5, 0, 63.42883, 10.385698, 20]
["SF10BW125", true, 368612052, "2018-11-13T16:24:12Z", 6, -99, 9, 0, 63.42883, 10.385698, 20]
["SF12BW125", true, 550276980, "2018-11-13T16:27:14Z", 2, -97, 3.25, 1, 63.42883, 10.385698, 20]
["SF11BW125", true, 554135980, "2018-11-13T16:27:18Z", 7, -102, 9, 0, 63.42883, 10.385698, 20]
["SF12BW125", true, 1654660756, "2018-11-13T16:45:38Z", 7, -103, 7, 0, 63.42883, 10.385698, 20]
["SF11BW125", true, 1658519580, "2018-11-13T16:45:42Z", 3, -109, 11, 0, 63.42883, 10.385698, 20]
["SF10BW125", true, 1662007500, "2018-11-13T16:45:46Z", 2, -100, 5.75, 1, 63.42883, 10.385698, 20]
["SF9BW125", true, 1665371700, "2018-11-13T16:45:49Z", 6, -103, 9.5, 0, 63.42883, 10.385698, 20]
["SF8BW125", true, 1668654028, "2018-11-13T16:45:52Z", 4, -102, 10, 0, 63.42883, 10.385698, 20]
["SF7BW125", true, 1671899628, "2018-11-13T16:45:56Z", 5, -101, 2.25, 0, 63.42883, 10.385698, 20]
["SF7BW125", true, 1720422860, "2018-11-13T16:46:44Z", 6, -119, -6.25, 0, 63.42883, 10.385698, 20]
["SF7BW125", true, 1722552043, "2018-11-13T16:46:46Z", 3, -115, 3.75, 0, 63.42883, 10.385698, 20]
["SF7BW125", true, 1738335435, "2018-11-13T16:47:02Z", 4, -120, -6.5, 0, 63.42883, 10.385698, 20]
["SF7BW125", true, 1740464404, "2018-11-13T16:47:04Z", 7, -109, 7.75, 0, 63.42883, 10.385698, 20]
["SF7BW125", true, 1782043827, "2018-11-13T16:47:46Z", 4, -119, -1.75, 0, 63.42883, 10.385698, 20]
["SF7BW125", true, 1806772539, "2018-11-13T16:48:11Z", 3, -115, 4.5, 0, 63.42883, 10.385698, 20]
["SF7BW125", true, 1808901620, "2018-11-13T16:48:13Z", 5, -101, 3, 0, 63.42883, 10.385698, 20]
["SF7BW125", true, 1827122067, "2018-11-13T16:48:31Z", 0, -113, -5.5, 1, 63.42883, 10.385698, 20]
["SF7BW125", true, 1828278116, "2018-11-13T16:48:32Z", 6, -115, 0.5, 0, 63.42883, 10.385698, 20]
["SF12BW125", true, 2739066116, "2018-11-13T17:03:43Z", 1, -89, -4.75, 1, 63.42883, 10.385698, 20]
["SF11BW125", true, 2743072508, "2018-11-13T17:03:47Z", 7, -118, 6.25, 0, 63.42883, 10.385698, 20]
["SF12BW125", true, 2768107628, "2018-11-13T17:04:12Z", 0, -113, 1.5, 1, 63.42883, 10.385698, 20]
["SF10BW125", true, 2771595724, "2018-11-13T17:04:15Z", 5, -102, -7, 0, 63.42883, 10.385698, 20]
["SF9BW125", true, 2774959732, "2018-11-13T17:04:19Z", 4, -111, 7, 0, 63.42883, 10.385698, 20]
["SF8BW125", true, 2778241508, "2018-11-13T17:04:22Z", 3, -113, 6.75, 0, 63.42883, 10.385698, 20]
["SF7BW125", true, 2781487740, "2018-11-13T17:04:25Z", 7, -114, 5.25, 0, 63.42883, 10.385698, 20]
["SF12BW125", true, 2901351172, "2018-11-13T17:06:25Z", 3, -116, 2.5, 0, 63.42883, 10.385698, 20]
["SF11BW125", true, 2905210252, "2018-11-13T17:06:29Z", 6, -113, 6.25, 0, 63.42883, 10.385698, 20]
["SF10BW125", true, 2908699324, "2018-11-13T17:06:32Z", 7, -112, 6, 0, 63.42883, 10.385698, 20]
["SF7BW125", true, 2938876947, "2018-11-13T17:07:03Z", 4, -108, 8, 0, 63.42883, 10.385698, 20]
["SF12BW125", true, 3001313492, "2018-11-13T17:08:05Z", 4, -102, 6.25, 0, 63.42883, 10.385698, 20]
["SF7BW125", true, 3059493924, "2018-11-13T17:09:03Z", 5, -103, 2.75, 0, 63.42883, 10.385698, 20]
