[true, 910311268, "2018-11-10T21:19:52Z", 2, -109, -9.25, 1, 63.43338, 10.403285, 19]
[true, 921109700, "2018-11-10T21:20:03Z", 1, -115, -6.25, 1, 63.43338, 10.403285, 19]
[true, 960521612, "2018-11-10T21:20:42Z", 2, -116, -1.5, 1, 63.43338, 10.403285, 19]
[true, 965945548, "2018-11-10T21:20:48Z", 6, -119, -5.75, 0, 63.43338, 10.403285, 19]
[true, 972160204, "2018-11-10T21:20:54Z", 1, -101, -3.25, 1, 63.43338, 10.403285, 19]
[true, 1039721603, "2018-11-10T21:22:01Z", 3, -119, 0.25, 0, 63.43338, 10.403285, 19]
[true, 1244527851, "2018-11-10T21:25:26Z", 3, -119, 1, 0, 63.43338, 10.403285, 19]
[true, 1248710027, "2018-11-10T21:25:30Z", 4, -115, 2, 0, 63.43338, 10.403285, 19]
[true, 1257080124, "2018-11-10T21:25:39Z", 7, -119, -2.25, 0, 63.43338, 10.403285, 19]
[true, 1288528019, "2018-11-10T21:26:10Z", 3, -119, 1.75, 0, 63.43338, 10.403285, 19]
[true, 1292710163, "2018-11-10T21:26:14Z", 4, -115, 2.75, 0, 63.43338, 10.403285, 19]
[true, 1306242780, "2018-11-10T21:26:28Z", 7, -117, -2, 0, 63.43338, 10.403285, 19]
[true, 1320890076, "2018-11-10T21:26:43Z", 5, -110, -5.75, 0, 63.43338, 10.403285, 19]
[true, 1329260908, "2018-11-10T21:26:51Z", 6, -119, -3.5, 0, 63.43338, 10.403285, 19]
[true, 1340853715, "2018-11-10T21:27:03Z", 4, -114, 2.75, 0, 63.43338, 10.403285, 19]
[true, 1345041987, "2018-11-10T21:27:07Z", 3, -120, -4.25, 0, 63.43338, 10.403285, 19]
[true, 1349211803, "2018-11-10T21:27:11Z", 1, -109, -4, 1, 63.43338, 10.403285, 19]
[true, 1357501844, "2018-11-10T21:27:19Z", 7, -119, -2.5, 0, 63.43338, 10.403285, 19]
[true, 1376563812, "2018-11-10T21:27:38Z", 6, -120, -7, 0, 63.43338, 10.403285, 19]
[true, 1389429676, "2018-11-10T21:27:51Z", 4, -114, 4, 0, 63.43338, 10.403285, 19]
[true, 1393696412, "2018-11-10T21:27:55Z", 1, -113, -4.5, 1, 63.43338, 10.403285, 19]
[true, 1402105116, "2018-11-10T21:28:04Z", 3, -117, 1.75, 0, 63.43338, 10.403285, 19]
[true, 1407516908, "2018-11-10T21:28:09Z", 7, -120, -0.5, 0, 63.43338, 10.403285, 19]
[true, 1420462868, "2018-11-10T21:28:22Z", 1, -106, -2.75, 1, 63.43338, 10.403285, 19]
[true, 1464086628, "2018-11-10T21:29:06Z", 5, -113, 2.25, 0, 63.43338, 10.403285, 19]
[true, 1470583068, "2018-11-10T21:29:12Z", 1, -114, -2.25, 1, 63.43338, 10.403285, 19]
[true, 1476004716, "2018-11-10T21:29:18Z", 6, -117, -2.5, 0, 63.43338, 10.403285, 19]
[true, 1481426380, "2018-11-10T21:29:23Z", 2, -117, -10.5, 1, 63.43338, 10.403285, 19]
[true, 1497752868, "2018-11-10T21:29:40Z", 7, -115, 0.25, 0, 63.43338, 10.403285, 19]
[true, 1504164236, "2018-11-10T21:29:46Z", 1, -111, -5.5, 1, 63.43338, 10.403285, 19]
[true, 1510740148, "2018-11-10T21:29:53Z", 6, -119, -2.25, 0, 63.43338, 10.403285, 19]
[true, 1517151508, "2018-11-10T21:29:59Z", 3, -117, -1.25, 0, 63.43338, 10.403285, 19]
[true, 1523727100, "2018-11-10T21:30:05Z", 4, -110, 2.5, 0, 63.43338, 10.403285, 19]
[true, 1530138556, "2018-11-10T21:30:12Z", 0, -113, -0.5, 1, 63.43338, 10.403285, 19]
[true, 1536715188, "2018-11-10T21:30:18Z", 5, -108, -6.25, 0, 63.43338, 10.403285, 19]
[true, 1896746636, "2018-11-10T21:36:18Z", 7, -119, -2, 0, 63.43338, 10.403285, 19]
[true, 1919907547, "2018-11-10T21:36:42Z", 3, -119, 1, 0, 63.43338, 10.403285, 19]
[true, 1924094891, "2018-11-10T21:36:46Z", 4, -115, 1.75, 0, 63.43338, 10.403285, 19]
[true, 1928276547, "2018-11-10T21:36:50Z", 0, -115, -7.5, 1, 63.43338, 10.403285, 19]
[true, 1940833964, "2018-11-10T21:37:03Z", 7, -120, -2.25, 0, 63.43338, 10.403285, 19]
[true, 1949203363, "2018-11-10T21:37:11Z", 0, -112, -3.75, 1, 63.43338, 10.403285, 19]
[true, 1964016755, "2018-11-10T21:37:26Z", 0, -114, -5.25, 1, 63.43338, 10.403285, 19]
[true, 1968125395, "2018-11-10T21:37:30Z", 3, -118, 0.5, 0, 63.43338, 10.403285, 19]
[true, 1972353932, "2018-11-10T21:37:34Z", 6, -120, -3.75, 0, 63.43338, 10.403285, 19]
[true, 1976620052, "2018-11-10T21:37:38Z", 4, -114, 2.75, 0, 63.43338, 10.403285, 19]
[true, 1989242636, "2018-11-10T21:37:51Z", 5, -115, -1, 0, 63.43338, 10.403285, 19]
[true, 1993664036, "2018-11-10T21:37:55Z", 7, -118, -2, 0, 63.43338, 10.403285, 19]
[true, 2012849828, "2018-11-10T21:38:15Z", 0, -113, 0, 1, 63.43338, 10.403285, 19]
[true, 2023692308, "2018-11-10T21:38:25Z", 3, -117, 2, 0, 63.43338, 10.403285, 19]
[true, 2061021460, "2018-11-10T21:39:03Z", 0, -113, -4.75, 1, 63.43338, 10.403285, 19]
[true, 2066443556, "2018-11-10T21:39:08Z", 6, -119, -3.25, 0, 63.43338, 10.403285, 19]
[true, 2088682884, "2018-11-10T21:39:30Z", 6, -120, -5.5, 0, 63.43338, 10.403285, 19]
[true, 2089838852, "2018-11-10T21:39:32Z", 7, -119, 1.5, 0, 63.43338, 10.403285, 19]
[true, 2114454748, "2018-11-10T21:39:56Z", 5, -114, -5.75, 0, 63.43338, 10.403285, 19]
[true, 2115657020, "2018-11-10T21:39:57Z", 3, -120, -2.75, 0, 63.43338, 10.403285, 19]
[true, 2125263948, "2018-11-10T21:40:07Z", 4, -114, 1.75, 0, 63.43338, 10.403285, 19]
[true, 2157210396, "2018-11-10T21:40:39Z", 5, -111, -4.5, 0, 63.43338, 10.403285, 19]
[true, 2161388596, "2018-11-10T21:40:43Z", 7, -118, -1, 0, 63.43338, 10.403285, 19]
[true, 2165566635, "2018-11-10T21:40:47Z", 3, -119, 0.75, 0, 63.43338, 10.403285, 19]
[true, 2169744611, "2018-11-10T21:40:51Z", 4, -115, 1, 0, 63.43338, 10.403285, 19]
[true, 2182279675, "2018-11-10T21:41:04Z", 0, -113, -3, 1, 63.43338, 10.403285, 19]
[true, 2209578348, "2018-11-10T21:41:31Z", 3, -117, 0.75, 0, 63.43338, 10.403285, 19]
[true, 2213839524, "2018-11-10T21:41:36Z", 4, -118, 0.25, 0, 63.43338, 10.403285, 19]
[true, 2222242652, "2018-11-10T21:41:44Z", 0, -115, -7, 1, 63.43338, 10.403285, 19]
[true, 2226503876, "2018-11-10T21:41:48Z", 7, -119, 0, 0, 63.43338, 10.403285, 19]
[true, 2230764860, "2018-11-10T21:41:52Z", 6, -119, -4.75, 0, 63.43338, 10.403285, 19]
[true, 2253048660, "2018-11-10T21:42:15Z", 0, -115, -4.75, 1, 63.43338, 10.403285, 19]
[true, 2305132796, "2018-11-10T21:43:07Z", 3, -118, 2.5, 0, 63.43338, 10.403285, 19]
[true, 2309394196, "2018-11-10T21:43:11Z", 0, -115, -1.5, 1, 63.43338, 10.403285, 19]
[true, 2313656124, "2018-11-10T21:43:15Z", 4, -117, 0.75, 0, 63.43338, 10.403285, 19]
[true, 2317917108, "2018-11-10T21:43:20Z", 7, -115, 1.75, 0, 63.43338, 10.403285, 19]
[true, 2322178612, "2018-11-10T21:43:24Z", 6, -119, -2, 0, 63.43338, 10.403285, 19]
[true, 2338582772, "2018-11-10T21:43:40Z", 0, -113, 1.25, 1, 63.43338, 10.403285, 19]
[true, 2348285172, "2018-11-10T21:43:50Z", 5, -100, -13.75, 0, 63.43338, 10.403285, 19]
[true, 2353702228, "2018-11-10T21:43:55Z", 2, -114, -2.75, 1, 63.43338, 10.403285, 19]
[true, 2399576388, "2018-11-10T21:44:41Z", 3, -115, 2.75, 0, 63.43338, 10.403285, 19]
[true, 2404993900, "2018-11-10T21:44:47Z", 2, -116, -2.5, 1, 63.43338, 10.403285, 19]
[true, 2410412316, "2018-11-10T21:44:52Z", 4, -115, 0.25, 0, 63.43338, 10.403285, 19]
[true, 3039840659, "2018-11-10T21:55:22Z", 1, -114, -5.75, 1, 63.43338, 10.403285, 19]
[true, 3048197828, "2018-11-10T21:55:30Z", 6, -118, -1, 0, 63.43338, 10.403285, 19]
[true, 3053349619, "2018-11-10T21:55:35Z", 3, -120, -6.25, 0, 63.43338, 10.403285, 19]
[true, 3065885139, "2018-11-10T21:55:48Z", 4, -116, -0.25, 0, 63.43338, 10.403285, 19]
[true, 3102235956, "2018-11-10T21:56:24Z", 6, -119, -1, 0, 63.43338, 10.403285, 19]
[true, 3106415851, "2018-11-10T21:56:28Z", 3, -119, -6.25, 0, 63.43338, 10.403285, 19]
[true, 3121045811, "2018-11-10T21:56:43Z", 4, -115, 2.25, 0, 63.43338, 10.403285, 19]
[true, 3134703683, "2018-11-10T21:56:56Z", 1, -111, -5, 1, 63.43338, 10.403285, 19]
[true, 3138882812, "2018-11-10T21:57:01Z", 7, -119, -6.5, 0, 63.43338, 10.403285, 19]
[true, 3152392651, "2018-11-10T21:57:14Z", 3, -121, -4, 0, 63.43338, 10.403285, 19]
[true, 3157544236, "2018-11-10T21:57:19Z", 6, -119, -1.5, 0, 63.43338, 10.403285, 19]
[true, 3170081275, "2018-11-10T21:57:32Z", 4, -118, 0, 0, 63.43338, 10.403285, 19]
[true, 3187769980, "2018-11-10T21:57:50Z", 7, -119, -8.75, 0, 63.43338, 10.403285, 19]
[true, 3203426452, "2018-11-10T21:58:05Z", 6, -117, -3, 0, 63.43338, 10.403285, 19]
[true, 3207605835, "2018-11-10T21:58:09Z", 3, -120, -5.75, 0, 63.43338, 10.403285, 19]
[true, 3220142723, "2018-11-10T21:58:22Z", 4, -114, 1.25, 0, 63.43338, 10.403285, 19]
[true, 3224321492, "2018-11-10T21:58:26Z", 5, -112, -1.25, 0, 63.43338, 10.403285, 19]
[true, 3232679260, "2018-11-10T21:58:34Z", 7, -115, -1.5, 0, 63.43338, 10.403285, 19]
[true, 3237831547, "2018-11-10T21:58:40Z", 2, -117, -2.75, 1, 63.43338, 10.403285, 19]
[true, 3243083939, "2018-11-10T21:58:45Z", 1, -108, -4.5, 1, 63.43338, 10.403285, 19]
[true, 3252415092, "2018-11-10T21:58:54Z", 6, -117, -0.5, 0, 63.43338, 10.403285, 19]
[true, 3256593147, "2018-11-10T21:58:58Z", 3, -115, 2.25, 0, 63.43338, 10.403285, 19]
[true, 3264951515, "2018-11-10T21:59:07Z", 4, -117, 1.75, 0, 63.43338, 10.403285, 19]
[true, 3269130795, "2018-11-10T21:59:11Z", 2, -117, -5, 1, 63.43338, 10.403285, 19]
[true, 3277487852, "2018-11-10T21:59:19Z", 5, -114, 0.75, 0, 63.43338, 10.403285, 19]
[true, 3281665940, "2018-11-10T21:59:23Z", 7, -120, -1.25, 0, 63.43338, 10.403285, 19]
[true, 3285844803, "2018-11-10T21:59:28Z", 2, -117, -2, 1, 63.43338, 10.403285, 19]
[true, 3301502043, "2018-11-10T21:59:43Z", 3, -114, 2.5, 0, 63.43338, 10.403285, 19]
[true, 3309859044, "2018-11-10T21:59:52Z", 6, -118, -2, 0, 63.43338, 10.403285, 19]
[true, 3330751683, "2018-11-10T22:00:12Z", 4, -118, 0, 0, 63.43338, 10.403285, 19]
[true, 3334930579, "2018-11-10T22:00:17Z", 1, -107, -4, 1, 63.43338, 10.403285, 19]
[true, 3343287851, "2018-11-10T22:00:25Z", 2, -118, -5.5, 1, 63.43338, 10.403285, 19]
[true, 3351645507, "2018-11-10T22:00:33Z", 3, -117, 1, 0, 63.43338, 10.403285, 19]
[true, 3364180876, "2018-11-10T22:00:46Z", 6, -119, -3, 0, 63.43338, 10.403285, 19]
[true, 3369433356, "2018-11-10T22:00:51Z", 5, -111, -0.5, 0, 63.43338, 10.403285, 19]
[true, 3373612403, "2018-11-10T22:00:55Z", 2, -119, -4, 1, 63.43338, 10.403285, 19]
[true, 3381969379, "2018-11-10T22:01:04Z", 4, -117, 1, 0, 63.43338, 10.403285, 19]
[true, 3390326476, "2018-11-10T22:01:12Z", 7, -120, -6, 0, 63.43338, 10.403285, 19]
[true, 3399657019, "2018-11-10T22:01:21Z", 3, -120, -4.75, 0, 63.43338, 10.403285, 19]
[true, 3403835651, "2018-11-10T22:01:26Z", 2, -117, -6.75, 1, 63.43338, 10.403285, 19]
[true, 3412194284, "2018-11-10T22:01:34Z", 6, -118, 0.75, 0, 63.43338, 10.403285, 19]
[true, 3451992516, "2018-11-10T22:02:14Z", 6, -119, -6.25, 0, 63.43338, 10.403285, 19]
[true, 3453148011, "2018-11-10T22:02:15Z", 3, -120, -1.75, 0, 63.43338, 10.403285, 19]
[true, 3458447403, "2018-11-10T22:02:20Z", 4, -115, 1.5, 0, 63.43338, 10.403285, 19]
[true, 3460576203, "2018-11-10T22:02:22Z", 0, -115, -1.5, 1, 63.43338, 10.403285, 19]
[true, 3464755236, "2018-11-10T22:02:26Z", 7, -120, -3.25, 0, 63.43338, 10.403285, 19]
[true, 3473441027, "2018-11-10T22:02:35Z", 0, -114, -5.5, 1, 63.43338, 10.403285, 19]
[true, 3488443011, "2018-11-10T22:02:50Z", 0, -115, -1.75, 1, 63.43338, 10.403285, 19]
[true, 3492622404, "2018-11-10T22:02:54Z", 6, -116, -0.25, 0, 63.43338, 10.403285, 19]
[true, 3543700955, "2018-11-10T22:03:45Z", 4, -115, 3.25, 0, 63.43338, 10.403285, 19]
[true, 3557047867, "2018-11-10T22:03:59Z", 3, -121, -2.5, 0, 63.43338, 10.403285, 19]
[true, 3558203524, "2018-11-10T22:04:00Z", 6, -117, -0.25, 0, 63.43338, 10.403285, 19]
[true, 3758350092, "2018-11-10T22:07:20Z", 6, -119, 0, 0, 63.43338, 10.403285, 19]
[true, 3815682460, "2018-11-10T22:08:17Z", 7, -120, -4, 0, 63.43338, 10.403285, 19]
[true, 3816838027, "2018-11-10T22:08:19Z", 3, -117, -0.25, 0, 63.43338, 10.403285, 19]
[true, 3880552203, "2018-11-10T22:09:22Z", 3, -118, -1, 0, 63.43338, 10.403285, 19]
[true, 3903832995, "2018-11-10T22:09:46Z", 4, -115, 1, 0, 63.43338, 10.403285, 19]
[true, 4055488372, "2018-11-10T22:12:17Z", 7, -119, -0.5, 0, 63.43338, 10.403285, 19]
[true, 4080760691, "2018-11-10T22:12:42Z", 4, -114, 2, 0, 63.43338, 10.403285, 19]
[true, 4092489443, "2018-11-10T22:12:54Z", 3, -118, 1.75, 0, 63.43338, 10.403285, 19]
[true, 4130544700, "2018-11-10T22:13:32Z", 6, -119, -1, 0, 63.43338, 10.403285, 19]
[true, 4157409987, "2018-11-10T22:13:59Z", 4, -114, 4, 0, 63.43338, 10.403285, 19]
[true, 4159539020, "2018-11-10T22:14:01Z", 7, -118, 1.75, 0, 63.43338, 10.403285, 19]
[true, 4167935131, "2018-11-10T22:14:10Z", 3, -114, 2.5, 0, 63.43338, 10.403285, 19]
[true, 4176883756, "2018-11-10T22:14:19Z", 6, -119, -3.5, 0, 63.43338, 10.403285, 19]
[true, 4199773667, "2018-11-10T22:14:42Z", 4, -111, 4.75, 0, 63.43338, 10.403285, 19]
[true, 4248530052, "2018-11-10T22:15:30Z", 5, -113, 2, 0, 63.43338, 10.403285, 19]
[true, 4258753388, "2018-11-10T22:15:40Z", 7, -118, 1, 0, 63.43338, 10.403285, 19]
[true, 4272268619, "2018-11-10T22:15:54Z", 4, -115, 1.75, 0, 63.43338, 10.403285, 19]
[true, 639849804, "2018-11-10T22:26:57Z", 5, -114, 0.25, 0, 63.43338, 10.403285, 19]
[true, 690243004, "2018-11-10T22:27:47Z", 5, -108, -6.75, 0, 63.43338, 10.403285, 19]
[true, 722490979, "2018-11-10T22:28:19Z", 0, -117, -3.5, 1, 63.43338, 10.403285, 19]
[true, 754740667, "2018-11-10T22:28:51Z", 4, -117, 1.75, 0, 63.43338, 10.403285, 19]
[true, 786990011, "2018-11-10T22:29:24Z", 0, -115, -3.75, 1, 63.43338, 10.403285, 19]
[true, 819239572, "2018-11-10T22:29:56Z", 7, -120, -2.5, 0, 63.43338, 10.403285, 19]
[true, 851487396, "2018-11-10T22:30:28Z", 7, -119, -2.75, 0, 63.43338, 10.403285, 19]
[true, 883736803, "2018-11-10T22:31:00Z", 0, -114, 4, 1, 63.43338, 10.403285, 19]
[true, 915986428, "2018-11-10T22:31:33Z", 7, -120, -1.5, 0, 63.43338, 10.403285, 19]
[true, 980483827, "2018-11-10T22:32:37Z", 0, -114, -1, 1, 63.43338, 10.403285, 19]
[true, 1012733251, "2018-11-10T22:33:09Z", 3, -115, -3.75, 0, 63.43338, 10.403285, 19]
[true, 1044982763, "2018-11-10T22:33:42Z", 0, -115, 0, 1, 63.43338, 10.403285, 19]
[true, 1077232163, "2018-11-10T22:34:14Z", 4, -115, 1, 0, 63.43338, 10.403285, 19]
[true, 1109480211, "2018-11-10T22:34:46Z", 3, -120, -1.75, 0, 63.43338, 10.403285, 19]
[true, 1198182931, "2018-11-10T22:36:15Z", 3, -117, 2.5, 0, 63.43338, 10.403285, 19]
[true, 1373393652, "2018-11-10T22:39:10Z", 7, -114, 3.75, 0, 63.43338, 10.403285, 19]
[true, 1689631604, "2018-11-10T22:44:26Z", 5, -114, -2.75, 0, 63.43338, 10.403285, 19]
[true, 1691760139, "2018-11-10T22:44:28Z", 1, -103, -6, 1, 63.43338, 10.403285, 19]
[true, 1887342652, "2018-11-10T22:47:44Z", 6, -114, 1, 0, 63.43338, 10.403285, 19]
